  -1.1062881e-05
  -3.6812344e-06
   4.1418259e-06
   1.2341317e-05
   2.0846020e-05
   2.9579442e-05
   3.8460873e-05
   4.7406504e-05
   5.6330605e-05
   6.5146738e-05
   7.3768990e-05
   8.2113198e-05
   9.0098164e-05
   9.7646824e-05
   1.0468736e-04
   1.1115424e-04
   1.1698918e-04
   1.2214196e-04
   1.2657119e-04
   1.3024484e-04
   1.3314076e-04
   1.3524696e-04
   1.3656176e-04
   1.3709376e-04
   1.3686175e-04
   1.3589432e-04
   1.3422945e-04
   1.3191388e-04
   1.2900237e-04
   1.2555683e-04
   1.2164537e-04
   1.1734122e-04
   1.1272157e-04
   1.0786636e-04
   1.0285705e-04
   9.7775361e-05
   9.2701939e-05
   8.7715152e-05
   8.2889846e-05
   7.8296183e-05
   7.3998548e-05
   7.0054553e-05
   6.6514145e-05
   6.3418835e-05
   6.0801067e-05
   5.8683729e-05
   5.7079818e-05
   5.5992260e-05
   5.5413900e-05
   5.5327651e-05
   5.5706800e-05
   5.6515479e-05
   5.7709279e-05
   5.9236008e-05
   6.1036575e-05
   6.3045993e-05
   6.5194478e-05
   6.7408631e-05
   6.9612685e-05
   7.1729795e-05
   7.3683351e-05
   7.5398296e-05
   7.6802418e-05
   7.7827614e-05
   7.8411081e-05
   7.8496439e-05
   7.8034743e-05
   7.6985394e-05
   7.5316909e-05
   7.3007549e-05
   7.0045797e-05
   6.6430665e-05
   6.2171841e-05
   5.7289651e-05
   5.1814859e-05
   4.5788285e-05
   3.9260264e-05
   3.2289941e-05
   2.4944418e-05
   1.7297761e-05
   9.4298930e-06
   1.4253694e-06
  -6.6279216e-06
  -1.4640132e-05
  -2.2520869e-05
  -3.0180637e-05
  -3.7532273e-05
  -4.4492364e-05
  -5.0982617e-05
  -5.6931163e-05
  -6.2273767e-05
  -6.6954932e-05
  -7.0928874e-05
  -7.4160349e-05
  -7.6625326e-05
  -7.8311485e-05
  -7.9218528e-05
  -7.9358314e-05
  -7.8754791e-05
  -7.7443738e-05
  -7.5472320e-05
  -7.2898451e-05
  -6.9789982e-05
  -6.6223723e-05
  -6.2284311e-05
  -5.8062943e-05
  -5.3655986e-05
  -4.9163494e-05
  -4.4687651e-05
  -4.0331156e-05
  -3.6195589e-05
  -3.2379770e-05
  -2.8978148e-05
  -2.6079235e-05
  -2.3764118e-05
  -2.2105074e-05
  -2.1164299e-05
  -2.0992792e-05
  -2.1629390e-05
  -2.3099995e-05
  -2.5416986e-05
  -2.8578840e-05
  -3.2569968e-05
  -3.7360766e-05
  -4.2907893e-05
  -4.9154761e-05
  -5.6032245e-05
  -6.3459591e-05
  -7.1345524e-05
  -7.9589532e-05
  -8.8083311e-05
  -9.6712347e-05
  -1.0535762e-04
  -1.1389739e-04
  -1.2220908e-04
  -1.3017112e-04
  -1.3766491e-04
  -1.4457667e-04
  -1.5079925e-04
  -1.5623393e-04
  -1.6079201e-04
  -1.6439637e-04
  -1.6698275e-04
  -1.6850095e-04
  -1.6891581e-04
  -1.6820790e-04
  -1.6637403e-04
  -1.6342754e-04
  -1.5939824e-04
  -1.5433222e-04
  -1.4829129e-04
  -1.4135223e-04
  -1.3360579e-04
  -1.2515544e-04
  -1.1611590e-04
  -1.0661154e-04
  -9.6774513e-05
  -8.6742801e-05
  -7.6658131e-05
  -6.6663804e-05
  -5.6902461e-05
  -4.7513835e-05
  -3.8632522e-05
  -3.0385785e-05
  -2.2891458e-05
  -1.6255958e-05
  -1.0572445e-05
  -5.9191737e-06
  -2.3580412e-06
   6.6621037e-08
   1.3290010e-06
   1.4224833e-06
   3.6003396e-07
  -1.8257170e-06
  -5.0827019e-06
  -9.3399521e-06
  -1.4508443e-05
  -2.0482239e-05
  -2.7139925e-05
  -3.4346309e-05
  -4.1954376e-05
  -4.9807459e-05
  -5.7741615e-05
  -6.5588147e-05
  -7.3176269e-05
  -8.0335838e-05
  -8.6900150e-05
  -9.2708727e-05
  -9.7610072e-05
  -1.0146434e-04
  -1.0414587e-04
  -1.0554560e-04
  -1.0557319e-04
  -1.0415899e-04
  -1.0125567e-04
  -9.6839563e-05
  -9.0911677e-05
  -8.3498316e-05
  -7.4651360e-05
  -6.4448131e-05
  -5.2990874e-05
  -4.0405829e-05
  -2.6841918e-05
  -1.2469045e-05
   2.5239685e-06
   1.7931797e-05
   3.3535331e-05
   4.9104687e-05
   6.4402461e-05
   7.9187176e-05
   9.3216891e-05
   1.0625291e-04
   1.1806355e-04
   1.2842789e-04
   1.3713947e-04
   1.4400988e-04
   1.4887214e-04
   1.5158392e-04
   1.5203041e-04
   1.5012687e-04
   1.4582085e-04
   1.3909392e-04
   1.2996299e-04
   1.1848110e-04
   1.0473773e-04
   8.8858522e-05
   7.1004523e-05
   5.1370797e-05
   3.0184544e-05
   7.7026508e-06
  -1.5791266e-05
  -3.9990315e-05
  -6.4568237e-05
  -8.9183728e-05
  -1.1348513e-04
  -1.3711543e-04
  -1.5971749e-04
  -1.8093947e-04
  -2.0044038e-04
  -2.1789559e-04
  -2.3300236e-04
  -2.4548522e-04
  -2.5510112e-04
  -2.6164429e-04
  -2.6495078e-04
  -2.6490244e-04
  -2.6143051e-04
  -2.5451849e-04
  -2.4420445e-04
  -2.3058257e-04
  -2.1380390e-04
  -1.9407642e-04
  -1.7166409e-04
  -1.4688523e-04
  -1.2010986e-04
  -9.1756281e-05
  -6.2286728e-05
  -3.2202228e-05
  -2.0366124e-06
   2.7650221e-05
   5.6279755e-05
   8.3262942e-05
   1.0800887e-04
   1.2993390e-04
   1.4847120e-04
   1.6308055e-04
   1.7325833e-04
   1.7854759e-04
   1.7854800e-04
   1.7292569e-04
   1.6142273e-04
   1.4386620e-04
   1.2017668e-04
   9.0376078e-05
   5.4594658e-05
   1.3077137e-05
  -3.3812227e-05
  -8.5585665e-05
  -1.4162914e-04
  -2.0120088e-04
  -2.6343124e-04
  -3.2732403e-04
  -3.9175919e-04
  -4.5549706e-04
  -5.1718404e-04
  -5.7535977e-04
  -6.2846572e-04
  -6.7485529e-04
  -7.1280517e-04
  -7.4052806e-04
  -7.5618660e-04
  -7.5790834e-04
  -7.4380182e-04
  -7.1197338e-04
  -6.6054485e-04
  -5.8767168e-04
  -4.9156155e-04
  -3.7049325e-04
  -2.2283553e-04
  -4.7065993e-05
   1.5821049e-04
   3.9424367e-04
   6.6212064e-04
   9.6274923e-04
   1.2968426e-03
   1.6649050e-03
   2.0672188e-03
   2.5038329e-03
   2.9745534e-03
   3.4789355e-03
   4.0162775e-03
   4.5856165e-03
   5.1857270e-03
   5.8151211e-03
   6.4720503e-03
   7.1545112e-03
   7.8602517e-03
   8.5867805e-03
   9.3313782e-03
   1.0091111e-02
   1.0862847e-02
   1.1643271e-02
   1.2428908e-02
   1.3216141e-02
   1.4001233e-02
   1.4780355e-02
   1.5549608e-02
   1.6305050e-02
   1.7042721e-02
   1.7758675e-02
   1.8449004e-02
   1.9109867e-02
   1.9737520e-02
   2.0328340e-02
   2.0878854e-02
   2.1385765e-02
   2.1845979e-02
   2.2256624e-02
   2.2615077e-02
   2.2918983e-02
   2.3166272e-02
   2.3355180e-02
   2.3484261e-02
   2.3552398e-02
   2.3558818e-02
   2.3503092e-02
   2.3385146e-02
   2.3205263e-02
   2.2964077e-02
   2.2662576e-02
   2.2302093e-02
   2.1884298e-02
   2.1411189e-02
   2.0885075e-02
   2.0308563e-02
   1.9684540e-02
   1.9016152e-02
   1.8306782e-02
   1.7560027e-02
   1.6779674e-02
   1.5969670e-02
   1.5134098e-02
   1.4277147e-02
   1.3403084e-02
   1.2516222e-02
   1.1620895e-02
   1.0721424e-02
   9.8220898e-03
   8.9271052e-03
   8.0405865e-03
   7.1665268e-03
   6.3087706e-03
   5.4709902e-03
   4.6566628e-03
   3.8690504e-03
   3.1111809e-03
   2.3858316e-03
   1.6955146e-03
   1.0424653e-03
   4.2863209e-04
  -1.4433096e-04
  -6.7506876e-04
  -1.1625279e-03
  -1.6059569e-03
  -2.0049035e-03
  -2.3592105e-03
  -2.6690090e-03
  -2.9347090e-03
  -3.1569890e-03
  -3.3367826e-03
  -3.4752644e-03
  -3.5738335e-03
  -3.6340963e-03
  -3.6578472e-03
  -3.6470492e-03
  -3.6038132e-03
  -3.5303763e-03
  -3.4290807e-03
  -3.3023514e-03
  -3.1526741e-03
  -2.9825736e-03
  -2.7945924e-03
  -2.5912696e-03
  -2.3751208e-03
  -2.1486189e-03
  -1.9141758e-03
  -1.6741252e-03
  -1.4307069e-03
  -1.1860525e-03
  -9.4217260e-04
  -7.0094519e-04
  -4.6410638e-04
  -2.3324224e-04
  -9.7826125e-06
   2.0500348e-04
   4.1001064e-04
   6.0429835e-04
   7.8709043e-04
   9.5777311e-04
   1.1158915e-03
   1.2611447e-03
   1.3933796e-03
   1.5125833e-03
   1.6188750e-03
   1.7124961e-03
   1.7938004e-03
   1.8632427e-03
   1.9213677e-03
   1.9687981e-03
   2.0062222e-03
   2.0343819e-03
   2.0540603e-03
   2.0660700e-03
   2.0712407e-03
   2.0704086e-03
   2.0644048e-03
   2.0540457e-03
   2.0401228e-03
   2.0233947e-03
   2.0045785e-03
   1.9843434e-03
   1.9633044e-03
   1.9420173e-03
   1.9209749e-03
   1.9006036e-03
   1.8812621e-03
   1.8632397e-03
   1.8467569e-03
   1.8319659e-03
   1.8189528e-03
   1.8077398e-03
   1.7982891e-03
   1.7905064e-03
   1.7842461e-03
   1.7793163e-03
   1.7754841e-03
   1.7724821e-03
   1.7700142e-03
   1.7677623e-03
   1.7653924e-03
   1.7625611e-03
   1.7589219e-03
   1.7541316e-03
   1.7478554e-03
   1.7397733e-03
   1.7295843e-03
   1.7170116e-03
   1.7018066e-03
   1.6837524e-03
   1.6626666e-03
   1.6384040e-03
   1.6108581e-03
   1.5799626e-03
   1.5456914e-03
   1.5080588e-03
   1.4671188e-03
   1.4229639e-03
   1.3757231e-03
   1.3255599e-03
   1.2726695e-03
   1.2172754e-03
   1.1596267e-03
   1.0999935e-03
   1.0386636e-03
   9.7593822e-04
   9.1212781e-04
   8.4754785e-04
   7.8251471e-04
   7.1734153e-04
   6.5233431e-04
   5.8778818e-04
   5.2398389e-04
   4.6118462e-04
   3.9963316e-04
   3.3954936e-04
   2.8112805e-04
   2.2453733e-04
   1.6991735e-04
   1.1737944e-04
   6.7005735e-05
   1.8849207e-05
  -2.7065853e-05
  -7.0742980e-05
  -1.1221228e-04
  -1.5152881e-04
  -1.8877069e-04
  -2.2403681e-04
  -2.5744445e-04
  -2.8912654e-04
  -3.1922884e-04
  -3.4790702e-04
  -3.7532360e-04
  -4.0164494e-04
  -4.2703818e-04
  -4.5166832e-04
  -4.7569537e-04
  -4.9927165e-04
  -5.2253929e-04
  -5.4562796e-04
  -5.6865282e-04
  -5.9171280e-04
  -6.1488912e-04
  -6.3824418e-04
  -6.6182074e-04
  -6.8564142e-04
  -7.0970863e-04
  -7.3400467e-04
  -7.5849230e-04
  -7.8311553e-04
  -8.0780076e-04
  -8.3245810e-04
  -8.5698305e-04
  -8.8125830e-04
  -9.0515573e-04
  -9.2853863e-04
  -9.5126391e-04
  -9.7318450e-04
  -9.9415172e-04
  -1.0140177e-03
  -1.0326377e-03
  -1.0498724e-03
  -1.0655903e-03
  -1.0796692e-03
  -1.0919988e-03
  -1.1024820e-03
  -1.1110362e-03
  -1.1175950e-03
  -1.1221090e-03
  -1.1245462e-03
  -1.1248930e-03
  -1.1231540e-03
  -1.1193520e-03
  -1.1135278e-03
  -1.1057393e-03
  -1.0960607e-03
  -1.0845817e-03
  -1.0714058e-03
  -1.0566488e-03
  -1.0404377e-03
  -1.0229080e-03
  -1.0042025e-03
  -9.8446919e-04
  -9.6385884e-04
  -9.4252335e-04
  -9.2061353e-04
  -8.9827717e-04
  -8.7565708e-04
  -8.5288932e-04
  -8.3010150e-04
  -8.0741126e-04
  -7.8492492e-04
  -7.6273633e-04
  -7.4092590e-04
  -7.1955991e-04
  -6.9868999e-04
  -6.7835283e-04
  -6.5857020e-04
  -6.3934911e-04
  -6.2068227e-04
  -6.0254869e-04
  -5.8491457e-04
  -5.6773433e-04
  -5.5095177e-04
  -5.3450148e-04
  -5.1831030e-04
  -5.0229888e-04
  -4.8638338e-04
  -4.7047715e-04
  -4.5449246e-04
  -4.3834224e-04
  -4.2194177e-04
  -4.0521028e-04
  -3.8807258e-04
  -3.7046041e-04
  -3.5231386e-04
  -3.3358244e-04
  -3.1422617e-04
  -2.9421637e-04
  -2.7353629e-04
  -2.5218160e-04
  -2.3016058e-04
  -2.0749417e-04
  -1.8421584e-04
  -1.6037114e-04
  -1.3601723e-04
  -1.1122209e-04
  -8.6063623e-05
  -6.0628589e-05
  -3.5011418e-05
  -9.3128952e-06
   1.6361247e-05
   4.1901804e-05
   6.7197624e-05
   9.2137155e-05
   1.1661000e-04
   1.4050843e-04
   1.6372888e-04
   1.8617332e-04
   2.0775064e-04
   2.2837775e-04
   2.4798077e-04
   2.6649589e-04
   2.8387016e-04
   3.0006211e-04
   3.1504216e-04
   3.2879292e-04
   3.4130918e-04
   3.5259788e-04
   3.6267773e-04
   3.7157881e-04
   3.7934191e-04
   3.8601773e-04
   3.9166597e-04
   3.9635429e-04
   4.0015713e-04
   4.0315447e-04
   4.0543052e-04
   4.0707238e-04
   4.0816861e-04
   4.0880788e-04
   4.0907758e-04
   4.0906251e-04
   4.0884356e-04
   4.0849658e-04
   4.0809124e-04
   4.0769009e-04
   4.0734764e-04
   4.0710970e-04
   4.0701281e-04
   4.0708382e-04
   4.0733962e-04
   4.0778710e-04
   4.0842323e-04
   4.0923528e-04
   4.1020121e-04
   4.1129028e-04
   4.1246368e-04
   4.1367535e-04
   4.1487294e-04
   4.1599879e-04
   4.1699106e-04
   4.1778487e-04
   4.1831354e-04
   4.1850976e-04
   4.1830687e-04
   4.1764004e-04
   4.1644745e-04
   4.1467143e-04
   4.1225947e-04
   4.0916519e-04
   4.0534919e-04
   4.0077982e-04
   3.9543371e-04
   3.8929630e-04
   3.8236215e-04
   3.7463508e-04
   3.6612827e-04
   3.5686404e-04
   3.4687364e-04
   3.3619682e-04
   3.2488127e-04
   3.1298193e-04
   3.0056024e-04
   2.8768320e-04
   2.7442243e-04
   2.6085309e-04
   2.4705280e-04
   2.3310048e-04
   2.1907522e-04
   2.0505512e-04
   1.9111615e-04
   1.7733105e-04
   1.6376833e-04
   1.5049124e-04
   1.3755695e-04
   1.2501575e-04
   1.1291036e-04
   1.0127542e-04
   9.0137080e-05
   7.9512699e-05
   6.9410737e-05
   5.9830758e-05
   5.0763582e-05
   4.2191583e-05
   3.4089113e-05
   2.6423055e-05
   1.9153502e-05
   1.2234527e-05
   5.6150660e-06
  -7.6013863e-07
  -6.9495145e-06
  -1.3013597e-05
  -1.9013935e-05
  -2.5011978e-05
  -3.1067977e-05
  -3.7239899e-05
  -4.3582389e-05
  -5.0145778e-05
  -5.6975174e-05
  -6.4109631e-05
  -7.1581422e-05
  -7.9415415e-05
  -8.7628581e-05
  -9.6229621e-05
  -1.0521873e-04
  -1.1458749e-04
  -1.2431893e-04
  -1.3438768e-04
  -1.4476029e-04
  -1.5539567e-04
  -1.6624566e-04
  -1.7725571e-04
  -1.8836564e-04
  -1.9951054e-04
  -2.1062167e-04
  -2.2162753e-04
  -2.3245486e-04
  -2.4302973e-04
  -2.5327865e-04
  -2.6312966e-04
  -2.7251336e-04
  -2.8136399e-04
  -2.8962033e-04
  -2.9722668e-04
  -3.0413359e-04
  -3.1029867e-04
  -3.1568710e-04
  -3.2027223e-04
  -3.2403586e-04
  -3.2696853e-04
  -3.2906960e-04
  -3.3034725e-04
  -3.3081827e-04
  -3.3050782e-04
  -3.2944898e-04
  -3.2768221e-04
  -3.2525471e-04
  -3.2221968e-04
  -3.1863545e-04
  -3.1456462e-04
  -3.1007306e-04
  -3.0522889e-04
  -3.0010147e-04
  -2.9476031e-04
  -2.8927404e-04
  -2.8370941e-04
  -2.7813025e-04
  -2.7259657e-04
  -2.6716369e-04
  -2.6188143e-04
  -2.5679344e-04
  -2.5193662e-04
  -2.4734060e-04
  -2.4302743e-04
  -2.3901129e-04
  -2.3529848e-04
  -2.3188732e-04
  -2.2876842e-04
  -2.2592489e-04
  -2.2333274e-04
  -2.2096144e-04
  -2.1877448e-04
  -2.1673012e-04
  -2.1478216e-04
  -2.1288085e-04
  -2.1097373e-04
  -2.0900668e-04
  -2.0692484e-04
  -2.0467364e-04
  -2.0219977e-04
  -1.9945217e-04
  -1.9638293e-04
  -1.9294818e-04
  -1.8910890e-04
  -1.8483162e-04
  -1.8008910e-04
  -1.7486083e-04
  -1.6913348e-04
  -1.6290118e-04
  -1.5616573e-04
  -1.4893664e-04
  -1.4123109e-04
  -1.3307372e-04
  -1.2449637e-04
  -1.1553757e-04
  -1.0624211e-04
  -9.6660316e-05
  -8.6847400e-05
  -7.6862615e-05
  -6.6768406e-05
  -5.6629493e-05
  -4.6511913e-05
  -3.6482050e-05
  -2.6605647e-05
  -1.6946843e-05
  -7.5672204e-06
   1.4750963e-06
   1.0126293e-05
   1.8337648e-05
   2.6066232e-05
   3.3275521e-05
   3.9935902e-05
   4.6025072e-05
   5.1528323e-05
   5.6438707e-05
   6.0757070e-05
   6.4491978e-05
   6.7659509e-05
   7.0282936e-05
   7.2392287e-05
   7.4023810e-05
   7.5219336e-05
   7.6025557e-05
   7.6493226e-05
   7.6676299e-05
   7.6631030e-05
   7.6415029e-05
   7.6086299e-05
   7.5702282e-05
   7.5318905e-05
   7.4989660e-05
   7.4764725e-05
   7.4690143e-05
   7.4807071e-05
   7.5151109e-05
   7.5751721e-05
   7.6631765e-05
   7.7807120e-05
   7.9286441e-05
   8.1071024e-05
   8.3154798e-05
   8.5524435e-05
   8.8159580e-05
   9.1033199e-05
   9.4112035e-05
   9.7357166e-05
   1.0072466e-04
   1.0416631e-04
   1.0763044e-04
   1.1106278e-04
   1.1440736e-04
   1.1760746e-04
   1.2060656e-04
   1.2334931e-04
   1.2578245e-04
   1.2785569e-04
   1.2952265e-04
   1.3074155e-04
   1.3147604e-04
   1.3169579e-04
   1.3137702e-04
   1.3050299e-04
   1.2906431e-04
   1.2705914e-04
   1.2449331e-04
   1.2138030e-04
   1.1774103e-04
   1.1360369e-04
   1.0900326e-04
   1.0398108e-04
   9.8584231e-05
   9.2864854e-05
   8.6879379e-05
   8.0687686e-05
   7.4352218e-05
   6.7937038e-05
   6.1506872e-05
   5.5126131e-05
   4.8857944e-05
   4.2763205e-05
   3.6899657e-05
   3.1321023e-05
   2.6076205e-05
   2.1208551e-05
   1.6755218e-05
   1.2746621e-05
   9.2060050e-06
   6.1491124e-06
   3.5839821e-06
   1.5108644e-06
  -7.7739277e-08
  -1.1969141e-06
  -1.8690495e-06
  -2.1234413e-06
  -1.9957843e-06
  -1.5275640e-06
  -7.6535624e-07
   2.3995270e-07
   1.4340144e-06
   2.7599208e-06
   4.1591463e-06
   5.5725148e-06
   6.9411759e-06
   8.2075751e-06
   9.3164008e-06
   1.0215496e-05
   1.0856715e-05
   1.1196719e-05
   1.1197690e-05
   1.0827952e-05
   1.0062503e-05
   8.8834202e-06
   7.2801712e-06
   5.2497873e-06
   2.7969231e-06
  -6.6211104e-08
  -3.3200395e-06
  -6.9379318e-06
  -1.0886629e-05
  -1.5126777e-05
  -1.9613562e-05
  -2.4297434e-05
  -2.9124911e-05
  -3.4039441e-05
  -3.8982326e-05
  -4.3893674e-05
  -4.8713374e-05
  -5.3382078e-05
  -5.7842170e-05
  -6.2038709e-05
  -6.5920325e-05
  -6.9440070e-05
  -7.2556184e-05
  -7.5232786e-05
  -7.7440468e-05
  -7.9156784e-05
  -8.0366623e-05
  -8.1062466e-05
  -8.1244517e-05
  -8.0920707e-05
  -8.0106572e-05
  -7.8825001e-05
  -7.7105869e-05
  -7.4985546e-05
  -7.2506301e-05
  -6.9715609e-05
  -6.6665360e-05
  -6.3411001e-05
  -6.0010610e-05
  -5.6523928e-05
  -5.3011347e-05
  -4.9532898e-05
  -4.6147227e-05
  -4.2910590e-05
  -3.9875892e-05
  -3.7091759e-05
  -3.4601691e-05
  -3.2443281e-05
  -3.0647536e-05
  -2.9238296e-05
  -2.8231771e-05
  -2.7636194e-05
  -2.7451611e-05
  -2.7669799e-05
  -2.8274317e-05
  -2.9240699e-05
  -3.0536772e-05
  -3.2123114e-05
  -3.3953619e-05
  -3.5976193e-05
  -3.8133544e-05
  -4.0364065e-05
  -4.2602798e-05
  -4.4782465e-05
  -4.6834539e-05
  -4.8690354e-05
  -5.0282227e-05
  -5.1544573e-05
  -5.2415002e-05
  -5.2835379e-05
  -5.2752821e-05
  -5.2120633e-05
  -5.0899141e-05
  -4.9056445e-05
  -4.6569036e-05
  -4.3422305e-05
  -3.9610913e-05
  -3.5139021e-05
  -3.0020374e-05
  -2.4278246e-05
  -1.7945229e-05
