   0.0000000e+00
   0.0000000e+00
   0.0000000e+00
   0.0000000e+00
   0.0000000e+00
   0.0000000e+00
   0.0000000e+00
   0.0000000e+00
   0.0000000e+00
   0.0000000e+00
   0.0000000e+00
   0.0000000e+00
   0.0000000e+00
   0.0000000e+00
   0.0000000e+00
   0.0000000e+00
   0.0000000e+00
   0.0000000e+00
   0.0000000e+00
   0.0000000e+00
   0.0000000e+00
   0.0000000e+00
   0.0000000e+00
   0.0000000e+00
   0.0000000e+00
   0.0000000e+00
   0.0000000e+00
   0.0000000e+00
   0.0000000e+00
   0.0000000e+00
   0.0000000e+00
   0.0000000e+00
   0.0000000e+00
   0.0000000e+00
   0.0000000e+00
   0.0000000e+00
   0.0000000e+00
   0.0000000e+00
   0.0000000e+00
   0.0000000e+00
   0.0000000e+00
   0.0000000e+00
   0.0000000e+00
   0.0000000e+00
   0.0000000e+00
   0.0000000e+00
   0.0000000e+00
   0.0000000e+00
   0.0000000e+00
   0.0000000e+00
   0.0000000e+00
   0.0000000e+00
   0.0000000e+00
   0.0000000e+00
   0.0000000e+00
   0.0000000e+00
   0.0000000e+00
   0.0000000e+00
   0.0000000e+00
   0.0000000e+00
   0.0000000e+00
   0.0000000e+00
   0.0000000e+00
   0.0000000e+00
   0.0000000e+00
   0.0000000e+00
   0.0000000e+00
   0.0000000e+00
   0.0000000e+00
   0.0000000e+00
   0.0000000e+00
   0.0000000e+00
   0.0000000e+00
   0.0000000e+00
   0.0000000e+00
   0.0000000e+00
   0.0000000e+00
   0.0000000e+00
   0.0000000e+00
   0.0000000e+00
   0.0000000e+00
   0.0000000e+00
   0.0000000e+00
   0.0000000e+00
   0.0000000e+00
   0.0000000e+00
   0.0000000e+00
   0.0000000e+00
   0.0000000e+00
   0.0000000e+00
   0.0000000e+00
   0.0000000e+00
   0.0000000e+00
   0.0000000e+00
   0.0000000e+00
   0.0000000e+00
   0.0000000e+00
   0.0000000e+00
   0.0000000e+00
   0.0000000e+00
   0.0000000e+00
   0.0000000e+00
   0.0000000e+00
   0.0000000e+00
   0.0000000e+00
   0.0000000e+00
   0.0000000e+00
   0.0000000e+00
   0.0000000e+00
   0.0000000e+00
   0.0000000e+00
   0.0000000e+00
   0.0000000e+00
   0.0000000e+00
   0.0000000e+00
   0.0000000e+00
   0.0000000e+00
   0.0000000e+00
   0.0000000e+00
   0.0000000e+00
   0.0000000e+00
   0.0000000e+00
   0.0000000e+00
   0.0000000e+00
   0.0000000e+00
   0.0000000e+00
   0.0000000e+00
   0.0000000e+00
   0.0000000e+00
   0.0000000e+00
   0.0000000e+00
   0.0000000e+00
   0.0000000e+00
   0.0000000e+00
   0.0000000e+00
   0.0000000e+00
   0.0000000e+00
   0.0000000e+00
   0.0000000e+00
   0.0000000e+00
   0.0000000e+00
   0.0000000e+00
   0.0000000e+00
   0.0000000e+00
   0.0000000e+00
   0.0000000e+00
   0.0000000e+00
   0.0000000e+00
   0.0000000e+00
   0.0000000e+00
   0.0000000e+00
   0.0000000e+00
   0.0000000e+00
   0.0000000e+00
   0.0000000e+00
   0.0000000e+00
   0.0000000e+00
   0.0000000e+00
   0.0000000e+00
   0.0000000e+00
   0.0000000e+00
   0.0000000e+00
   0.0000000e+00
   0.0000000e+00
   0.0000000e+00
   0.0000000e+00
   0.0000000e+00
   0.0000000e+00
   0.0000000e+00
   0.0000000e+00
   0.0000000e+00
   0.0000000e+00
   0.0000000e+00
   0.0000000e+00
   0.0000000e+00
   0.0000000e+00
   0.0000000e+00
   0.0000000e+00
   0.0000000e+00
   0.0000000e+00
   0.0000000e+00
   0.0000000e+00
   0.0000000e+00
   0.0000000e+00
   0.0000000e+00
   0.0000000e+00
   0.0000000e+00
   0.0000000e+00
   0.0000000e+00
   0.0000000e+00
   0.0000000e+00
   0.0000000e+00
   0.0000000e+00
   0.0000000e+00
   0.0000000e+00
   0.0000000e+00
   0.0000000e+00
   0.0000000e+00
   0.0000000e+00
   0.0000000e+00
   0.0000000e+00
   0.0000000e+00
   0.0000000e+00
   0.0000000e+00
   0.0000000e+00
   0.0000000e+00
   0.0000000e+00
   0.0000000e+00
   0.0000000e+00
   0.0000000e+00
   0.0000000e+00
   0.0000000e+00
   0.0000000e+00
   0.0000000e+00
   0.0000000e+00
   0.0000000e+00
   0.0000000e+00
   0.0000000e+00
   0.0000000e+00
   0.0000000e+00
   0.0000000e+00
   0.0000000e+00
   0.0000000e+00
   0.0000000e+00
   0.0000000e+00
   0.0000000e+00
   0.0000000e+00
   0.0000000e+00
   0.0000000e+00
   0.0000000e+00
   0.0000000e+00
   0.0000000e+00
   0.0000000e+00
   0.0000000e+00
   0.0000000e+00
   0.0000000e+00
   0.0000000e+00
   0.0000000e+00
   0.0000000e+00
   0.0000000e+00
   0.0000000e+00
   0.0000000e+00
   0.0000000e+00
   0.0000000e+00
   0.0000000e+00
   0.0000000e+00
   0.0000000e+00
   0.0000000e+00
   0.0000000e+00
   0.0000000e+00
   9.2763518e-06
   9.2364982e-06
   9.1168249e-06
   8.9169954e-06
   8.6364493e-06
   8.2744043e-06
   7.8298578e-06
   7.3015894e-06
   6.6881644e-06
   5.9879369e-06
   5.1990541e-06
   4.3194615e-06
   3.3469075e-06
   2.2789496e-06
   1.1129609e-06
  -1.5386333e-07
  -1.5244978e-06
  -3.0020795e-06
  -4.5898990e-06
  -6.2913911e-06
  -8.1101258e-06
  -1.0049798e-05
  -1.2114216e-05
  -1.4307291e-05
  -1.6633027e-05
  -1.9095504e-05
  -2.1698873e-05
  -2.4447332e-05
  -2.7345125e-05
  -3.0396516e-05
  -3.3605783e-05
  -3.6977200e-05
  -4.0515018e-05
  -4.4223457e-05
  -4.8106682e-05
  -5.2168792e-05
  -5.6413797e-05
  -6.0845607e-05
  -6.5468011e-05
  -7.0284658e-05
  -7.5299040e-05
  -8.0514473e-05
  -8.5934080e-05
  -9.1560767e-05
  -9.7397208e-05
  -1.0344582e-04
  -1.0970876e-04
  -1.1618788e-04
  -1.2288471e-04
  -1.2980048e-04
  -1.3693602e-04
  -1.4429183e-04
  -1.5186800e-04
  -1.5966419e-04
  -1.6767966e-04
  -1.7591317e-04
  -1.8436306e-04
  -1.9302713e-04
  -2.0190270e-04
  -2.1098654e-04
  -2.2027487e-04
  -2.2976335e-04
  -2.3944704e-04
  -2.4932041e-04
  -2.5937729e-04
  -2.6961089e-04
  -2.8001375e-04
  -2.9057775e-04
  -3.0129406e-04
  -3.1215319e-04
  -3.2314489e-04
  -3.3425823e-04
  -3.4548151e-04
  -3.5680229e-04
  -3.6820737e-04
  -3.7968278e-04
  -3.9121378e-04
  -4.0278483e-04
  -4.1437961e-04
  -4.2598102e-04
  -4.3757112e-04
  -4.4913121e-04
  -4.6064175e-04
  -4.7208244e-04
  -4.8343213e-04
  -4.9466891e-04
  -5.0577003e-04
  -5.1671200e-04
  -5.2747051e-04
  -5.3802048e-04
  -5.4833606e-04
  -5.5839066e-04
  -5.6815694e-04
  -5.7760682e-04
  -5.8671151e-04
  -5.9544154e-04
  -6.0376674e-04
  -6.1165629e-04
  -6.1907875e-04
  -6.2600206e-04
  -6.3239356e-04
  -6.3822004e-04
  -6.4344777e-04
  -6.4804250e-04
  -6.5196953e-04
  -6.5519372e-04
  -6.5767951e-04
  -6.5939099e-04
  -6.6029193e-04
  -6.6034579e-04
  -6.5951581e-04
  -6.5776501e-04
  -6.5505623e-04
  -6.5135223e-04
  -6.4661568e-04
  -6.4080921e-04
  -6.3389550e-04
  -6.2583731e-04
  -6.1659749e-04
  -6.0613909e-04
  -5.9442540e-04
  -5.8141998e-04
  -5.6708672e-04
  -5.5138992e-04
  -5.3429431e-04
  -5.1576516e-04
  -4.9576826e-04
  -4.7427006e-04
  -4.5123766e-04
  -4.2663891e-04
  -4.0044245e-04
  -3.7261778e-04
  -3.4313531e-04
  -3.1196643e-04
  -2.7908354e-04
  -2.4446015e-04
  -2.0807090e-04
  -1.6989163e-04
  -1.2989947e-04
  -8.8072834e-05
  -4.4391521e-05
   1.1632434e-06
   4.8608755e-05
   9.7960776e-05
   1.4923348e-04
   2.0243942e-04
   2.5758945e-04
   3.1469270e-04
   3.7375651e-04
   4.3478643e-04
   4.9778611e-04
   5.6275731e-04
   6.2969986e-04
   6.9861159e-04
   7.6948833e-04
   8.4232383e-04
   9.1710981e-04
   9.9383586e-04
   1.0724894e-03
   1.1530558e-03
   1.2355181e-03
   1.3198574e-03
   1.4060522e-03
   1.4940791e-03
   1.5839125e-03
   1.6755242e-03
   1.7688842e-03
   1.8639599e-03
   1.9607168e-03
   2.0591178e-03
   2.1591239e-03
   2.2606936e-03
   2.3637834e-03
   2.4683475e-03
   2.5743381e-03
   2.6817051e-03
   2.7903964e-03
   2.9003576e-03
   3.0115326e-03
   3.1238630e-03
   3.2372885e-03
   3.3517470e-03
   3.4671743e-03
   3.5835046e-03
   3.7006701e-03
   3.8186014e-03
   3.9372275e-03
   4.0564755e-03
   4.1762713e-03
   4.2965390e-03
   4.4172017e-03
   4.5381806e-03
   4.6593961e-03
   4.7807673e-03
   4.9022120e-03
   5.0236472e-03
   5.1449887e-03
   5.2661517e-03
   5.3870504e-03
   5.5075985e-03
   5.6277090e-03
   5.7472943e-03
   5.8662665e-03
   5.9845373e-03
   6.1020184e-03
   6.2186209e-03
   6.3342564e-03
   6.4488361e-03
   6.5622718e-03
   6.6744751e-03
   6.7853584e-03
   6.8948342e-03
   7.0028158e-03
   7.1092170e-03
   7.2139525e-03
   7.3169378e-03
   7.4180893e-03
   7.5173245e-03
   7.6145621e-03
   7.7097219e-03
   7.8027254e-03
   7.8934950e-03
   7.9819552e-03
   8.0680316e-03
   8.1516520e-03
   8.2327455e-03
   8.3112436e-03
   8.3870794e-03
   8.4601882e-03
   8.5305073e-03
   8.5979765e-03
   8.6625376e-03
   8.7241348e-03
   8.7827149e-03
   8.8382270e-03
   8.8906229e-03
   8.9398568e-03
   8.9858858e-03
   9.0286696e-03
   9.0681707e-03
   9.1043545e-03
   9.1371892e-03
   9.1666458e-03
   9.1926985e-03
   9.2153242e-03
   9.2345030e-03
   9.2502179e-03
   9.2624550e-03
   9.2712036e-03
   9.2764558e-03
   9.2782071e-03
   9.2764558e-03
   9.2712036e-03
   9.2624550e-03
   9.2502179e-03
   9.2345030e-03
   9.2153242e-03
   9.1926985e-03
   9.1666458e-03
   9.1371892e-03
   9.1043545e-03
   9.0681707e-03
   9.0286696e-03
   8.9858858e-03
   8.9398568e-03
   8.8906229e-03
   8.8382270e-03
   8.7827149e-03
   8.7241348e-03
   8.6625376e-03
   8.5979765e-03
   8.5305073e-03
   8.4601882e-03
   8.3870794e-03
   8.3112436e-03
   8.2327455e-03
   8.1516520e-03
   8.0680316e-03
   7.9819552e-03
   7.8934950e-03
   7.8027254e-03
   7.7097219e-03
   7.6145621e-03
   7.5173245e-03
   7.4180893e-03
   7.3169378e-03
   7.2139525e-03
   7.1092170e-03
   7.0028158e-03
   6.8948342e-03
   6.7853584e-03
   6.6744751e-03
   6.5622718e-03
   6.4488361e-03
   6.3342564e-03
   6.2186209e-03
   6.1020184e-03
   5.9845373e-03
   5.8662665e-03
   5.7472943e-03
   5.6277090e-03
   5.5075985e-03
   5.3870504e-03
   5.2661517e-03
   5.1449887e-03
   5.0236472e-03
   4.9022120e-03
   4.7807673e-03
   4.6593961e-03
   4.5381806e-03
   4.4172017e-03
   4.2965390e-03
   4.1762713e-03
   4.0564755e-03
   3.9372275e-03
   3.8186014e-03
   3.7006701e-03
   3.5835046e-03
   3.4671743e-03
   3.3517470e-03
   3.2372885e-03
   3.1238630e-03
   3.0115326e-03
   2.9003576e-03
   2.7903964e-03
   2.6817051e-03
   2.5743381e-03
   2.4683475e-03
   2.3637834e-03
   2.2606936e-03
   2.1591239e-03
   2.0591178e-03
   1.9607168e-03
   1.8639599e-03
   1.7688842e-03
   1.6755242e-03
   1.5839125e-03
   1.4940791e-03
   1.4060522e-03
   1.3198574e-03
   1.2355181e-03
   1.1530558e-03
   1.0724894e-03
   9.9383586e-04
   9.1710981e-04
   8.4232383e-04
   7.6948833e-04
   6.9861159e-04
   6.2969986e-04
   5.6275731e-04
   4.9778611e-04
   4.3478643e-04
   3.7375651e-04
   3.1469270e-04
   2.5758945e-04
   2.0243942e-04
   1.4923348e-04
   9.7960776e-05
   4.8608755e-05
   1.1632434e-06
  -4.4391521e-05
  -8.8072834e-05
  -1.2989947e-04
  -1.6989163e-04
  -2.0807090e-04
  -2.4446015e-04
  -2.7908354e-04
  -3.1196643e-04
  -3.4313531e-04
  -3.7261778e-04
  -4.0044245e-04
  -4.2663891e-04
  -4.5123766e-04
  -4.7427006e-04
  -4.9576826e-04
  -5.1576516e-04
  -5.3429431e-04
  -5.5138992e-04
  -5.6708672e-04
  -5.8141998e-04
  -5.9442540e-04
  -6.0613909e-04
  -6.1659749e-04
  -6.2583731e-04
  -6.3389550e-04
  -6.4080921e-04
  -6.4661568e-04
  -6.5135223e-04
  -6.5505623e-04
  -6.5776501e-04
  -6.5951581e-04
  -6.6034579e-04
  -6.6029193e-04
  -6.5939099e-04
  -6.5767951e-04
  -6.5519372e-04
  -6.5196953e-04
  -6.4804250e-04
  -6.4344777e-04
  -6.3822004e-04
  -6.3239356e-04
  -6.2600206e-04
  -6.1907875e-04
  -6.1165629e-04
  -6.0376674e-04
  -5.9544154e-04
  -5.8671151e-04
  -5.7760682e-04
  -5.6815694e-04
  -5.5839066e-04
  -5.4833606e-04
  -5.3802048e-04
  -5.2747051e-04
  -5.1671200e-04
  -5.0577003e-04
  -4.9466891e-04
  -4.8343213e-04
  -4.7208244e-04
  -4.6064175e-04
  -4.4913121e-04
  -4.3757112e-04
  -4.2598102e-04
  -4.1437961e-04
  -4.0278483e-04
  -3.9121378e-04
  -3.7968278e-04
  -3.6820737e-04
  -3.5680229e-04
  -3.4548151e-04
  -3.3425823e-04
  -3.2314489e-04
  -3.1215319e-04
  -3.0129406e-04
  -2.9057775e-04
  -2.8001375e-04
  -2.6961089e-04
  -2.5937729e-04
  -2.4932041e-04
  -2.3944704e-04
  -2.2976335e-04
  -2.2027487e-04
  -2.1098654e-04
  -2.0190270e-04
  -1.9302713e-04
  -1.8436306e-04
  -1.7591317e-04
  -1.6767966e-04
  -1.5966419e-04
  -1.5186800e-04
  -1.4429183e-04
  -1.3693602e-04
  -1.2980048e-04
  -1.2288471e-04
  -1.1618788e-04
  -1.0970876e-04
  -1.0344582e-04
  -9.7397208e-05
  -9.1560767e-05
  -8.5934080e-05
  -8.0514473e-05
  -7.5299040e-05
  -7.0284658e-05
  -6.5468011e-05
  -6.0845607e-05
  -5.6413797e-05
  -5.2168792e-05
  -4.8106682e-05
  -4.4223457e-05
  -4.0515018e-05
  -3.6977200e-05
  -3.3605783e-05
  -3.0396516e-05
  -2.7345125e-05
  -2.4447332e-05
  -2.1698873e-05
  -1.9095504e-05
  -1.6633027e-05
  -1.4307291e-05
  -1.2114216e-05
  -1.0049798e-05
  -8.1101258e-06
  -6.2913911e-06
  -4.5898990e-06
  -3.0020795e-06
  -1.5244978e-06
  -1.5386333e-07
   1.1129609e-06
   2.2789496e-06
   3.3469075e-06
   4.3194615e-06
   5.1990541e-06
   5.9879369e-06
   6.6881644e-06
   7.3015894e-06
   7.8298578e-06
   8.2744043e-06
   8.6364493e-06
   8.9169954e-06
   9.1168249e-06
   9.2364982e-06
   9.2763518e-06
   0.0000000e+00
   0.0000000e+00
   0.0000000e+00
   0.0000000e+00
   0.0000000e+00
   0.0000000e+00
   0.0000000e+00
   0.0000000e+00
   0.0000000e+00
   0.0000000e+00
   0.0000000e+00
   0.0000000e+00
   0.0000000e+00
   0.0000000e+00
   0.0000000e+00
   0.0000000e+00
   0.0000000e+00
   0.0000000e+00
   0.0000000e+00
   0.0000000e+00
   0.0000000e+00
   0.0000000e+00
   0.0000000e+00
   0.0000000e+00
   0.0000000e+00
   0.0000000e+00
   0.0000000e+00
   0.0000000e+00
   0.0000000e+00
   0.0000000e+00
   0.0000000e+00
   0.0000000e+00
   0.0000000e+00
   0.0000000e+00
   0.0000000e+00
   0.0000000e+00
   0.0000000e+00
   0.0000000e+00
   0.0000000e+00
   0.0000000e+00
   0.0000000e+00
   0.0000000e+00
   0.0000000e+00
   0.0000000e+00
   0.0000000e+00
   0.0000000e+00
   0.0000000e+00
   0.0000000e+00
   0.0000000e+00
   0.0000000e+00
   0.0000000e+00
   0.0000000e+00
   0.0000000e+00
   0.0000000e+00
   0.0000000e+00
   0.0000000e+00
   0.0000000e+00
   0.0000000e+00
   0.0000000e+00
   0.0000000e+00
   0.0000000e+00
   0.0000000e+00
   0.0000000e+00
   0.0000000e+00
   0.0000000e+00
   0.0000000e+00
   0.0000000e+00
   0.0000000e+00
   0.0000000e+00
   0.0000000e+00
   0.0000000e+00
   0.0000000e+00
   0.0000000e+00
   0.0000000e+00
   0.0000000e+00
   0.0000000e+00
   0.0000000e+00
   0.0000000e+00
   0.0000000e+00
   0.0000000e+00
   0.0000000e+00
   0.0000000e+00
   0.0000000e+00
   0.0000000e+00
   0.0000000e+00
   0.0000000e+00
   0.0000000e+00
   0.0000000e+00
   0.0000000e+00
   0.0000000e+00
   0.0000000e+00
   0.0000000e+00
   0.0000000e+00
   0.0000000e+00
   0.0000000e+00
   0.0000000e+00
   0.0000000e+00
   0.0000000e+00
   0.0000000e+00
   0.0000000e+00
   0.0000000e+00
   0.0000000e+00
   0.0000000e+00
   0.0000000e+00
   0.0000000e+00
   0.0000000e+00
   0.0000000e+00
   0.0000000e+00
   0.0000000e+00
   0.0000000e+00
   0.0000000e+00
   0.0000000e+00
   0.0000000e+00
   0.0000000e+00
   0.0000000e+00
   0.0000000e+00
   0.0000000e+00
   0.0000000e+00
   0.0000000e+00
   0.0000000e+00
   0.0000000e+00
   0.0000000e+00
   0.0000000e+00
   0.0000000e+00
   0.0000000e+00
   0.0000000e+00
   0.0000000e+00
   0.0000000e+00
   0.0000000e+00
   0.0000000e+00
   0.0000000e+00
   0.0000000e+00
   0.0000000e+00
   0.0000000e+00
   0.0000000e+00
   0.0000000e+00
   0.0000000e+00
   0.0000000e+00
   0.0000000e+00
   0.0000000e+00
   0.0000000e+00
   0.0000000e+00
   0.0000000e+00
   0.0000000e+00
   0.0000000e+00
   0.0000000e+00
   0.0000000e+00
   0.0000000e+00
   0.0000000e+00
   0.0000000e+00
   0.0000000e+00
   0.0000000e+00
   0.0000000e+00
   0.0000000e+00
   0.0000000e+00
   0.0000000e+00
   0.0000000e+00
   0.0000000e+00
   0.0000000e+00
   0.0000000e+00
   0.0000000e+00
   0.0000000e+00
   0.0000000e+00
   0.0000000e+00
   0.0000000e+00
   0.0000000e+00
   0.0000000e+00
   0.0000000e+00
   0.0000000e+00
   0.0000000e+00
   0.0000000e+00
   0.0000000e+00
   0.0000000e+00
   0.0000000e+00
   0.0000000e+00
   0.0000000e+00
   0.0000000e+00
   0.0000000e+00
   0.0000000e+00
   0.0000000e+00
   0.0000000e+00
   0.0000000e+00
   0.0000000e+00
   0.0000000e+00
   0.0000000e+00
   0.0000000e+00
   0.0000000e+00
   0.0000000e+00
   0.0000000e+00
   0.0000000e+00
   0.0000000e+00
   0.0000000e+00
   0.0000000e+00
   0.0000000e+00
   0.0000000e+00
   0.0000000e+00
   0.0000000e+00
   0.0000000e+00
   0.0000000e+00
   0.0000000e+00
   0.0000000e+00
   0.0000000e+00
   0.0000000e+00
   0.0000000e+00
   0.0000000e+00
   0.0000000e+00
   0.0000000e+00
   0.0000000e+00
   0.0000000e+00
   0.0000000e+00
   0.0000000e+00
   0.0000000e+00
   0.0000000e+00
   0.0000000e+00
   0.0000000e+00
   0.0000000e+00
   0.0000000e+00
   0.0000000e+00
   0.0000000e+00
   0.0000000e+00
   0.0000000e+00
   0.0000000e+00
   0.0000000e+00
   0.0000000e+00
   0.0000000e+00
   0.0000000e+00
   0.0000000e+00
   0.0000000e+00
   0.0000000e+00
   0.0000000e+00
   0.0000000e+00
   0.0000000e+00
   0.0000000e+00
   0.0000000e+00
   0.0000000e+00
   0.0000000e+00
   0.0000000e+00
   0.0000000e+00
   0.0000000e+00
   0.0000000e+00
   0.0000000e+00
   0.0000000e+00
   0.0000000e+00
   0.0000000e+00
   0.0000000e+00
   0.0000000e+00
   0.0000000e+00
   0.0000000e+00
   0.0000000e+00
   0.0000000e+00
