  -2.8621073e-20
  -1.5073639e-06
  -3.0895040e-06
  -4.7413464e-06
  -6.4572193e-06
  -8.2308623e-06
  -1.0055441e-05
  -1.1923563e-05
  -1.3827300e-05
  -1.5758212e-05
  -1.7707374e-05
  -1.9665409e-05
  -2.1622522e-05
  -2.3568538e-05
  -2.5492945e-05
  -2.7384934e-05
  -2.9233453e-05
  -3.1027251e-05
  -3.2754934e-05
  -3.4405020e-05
  -3.5965996e-05
  -3.7426374e-05
  -3.8774757e-05
  -3.9999897e-05
  -4.1090763e-05
  -4.2036598e-05
  -4.2826990e-05
  -4.3451934e-05
  -4.3901896e-05
  -4.4167879e-05
  -4.4241484e-05
  -4.4114975e-05
  -4.3781335e-05
  -4.3234330e-05
  -4.2468562e-05
  -4.1479524e-05
  -4.0263649e-05
  -3.8818361e-05
  -3.7142117e-05
  -3.5234446e-05
  -3.3095989e-05
  -3.0728526e-05
  -2.8135006e-05
  -2.5319566e-05
  -2.2287549e-05
  -1.9045515e-05
  -1.5601246e-05
  -1.1963745e-05
  -8.1432270e-06
  -4.1511120e-06
   7.4133631e-20
   4.2963515e-06
   8.7230599e-06
   1.3264156e-05
   1.7902628e-05
   2.2620473e-05
   2.7398752e-05
   3.2217657e-05
   3.7056575e-05
   4.1894168e-05
   4.6708449e-05
   5.1476868e-05
   5.6176407e-05
   6.0783670e-05
   6.5274986e-05
   6.9626510e-05
   7.3814334e-05
   7.7814592e-05
   8.1603580e-05
   8.5157864e-05
   8.8454403e-05
   9.1470665e-05
   9.4184745e-05
   9.6575485e-05
   9.8622595e-05
   1.0030677e-04
   1.0160979e-04
   1.0251468e-04
   1.0300576e-04
   1.0306879e-04
   1.0269109e-04
   1.0186158e-04
   1.0057094e-04
   9.8811663e-05
   9.6578132e-05
   9.3866720e-05
   9.0675846e-05
   8.7006033e-05
   8.2859966e-05
   7.8242533e-05
   7.3160860e-05
   6.7624339e-05
   6.1644640e-05
   5.5235718e-05
   4.8413809e-05
   4.1197414e-05
   3.3607273e-05
   2.5666326e-05
   1.7399667e-05
   8.8344874e-06
  -1.3969352e-19
  -9.0726364e-06
  -1.8350411e-05
  -2.7798563e-05
  -3.7380693e-05
  -4.7058887e-05
  -5.6793848e-05
  -6.6545038e-05
  -7.6270829e-05
  -8.5928660e-05
  -9.5475208e-05
  -1.0486656e-04
  -1.1405839e-04
  -1.2300615e-04
  -1.3166527e-04
  -1.3999134e-04
  -1.4794033e-04
  -1.5546876e-04
  -1.6253394e-04
  -1.6909418e-04
  -1.7510895e-04
  -1.8053914e-04
  -1.8534724e-04
  -1.8949753e-04
  -1.9295633e-04
  -1.9569211e-04
  -1.9767577e-04
  -1.9888076e-04
  -1.9928327e-04
  -1.9886243e-04
  -1.9760042e-04
  -1.9548264e-04
  -1.9249784e-04
  -1.8863825e-04
  -1.8389972e-04
  -1.7828175e-04
  -1.7178764e-04
  -1.6442453e-04
  -1.5620345e-04
  -1.4713937e-04
  -1.3725124e-04
  -1.2656194e-04
  -1.1509833e-04
  -1.0289118e-04
  -8.9975127e-05
  -7.6388638e-05
  -6.2173887e-05
  -4.7376676e-05
  -3.2046309e-05
  -1.6235457e-05
   2.2414206e-19
   1.6601145e-05
   3.3506212e-05
   5.0650792e-05
   6.7968055e-05
   8.5388988e-05
   1.0284264e-04
   1.2025640e-04
   1.3755626e-04
   1.5466709e-04
   1.7151300e-04
   1.8801756e-04
   2.0410418e-04
   2.1969644e-04
   2.3471836e-04
   2.4909481e-04
   2.6275177e-04
   2.7561676e-04
   2.8761910e-04
   2.9869030e-04
   3.0876437e-04
   3.1777816e-04
   3.2567170e-04
   3.3238852e-04
   3.3787592e-04
   3.4208534e-04
   3.4497259e-04
   3.4649814e-04
   3.4662743e-04
   3.4533104e-04
   3.4258496e-04
   3.3837082e-04
   3.3267602e-04
   3.2549396e-04
   3.1682414e-04
   3.0667233e-04
   2.9505060e-04
   2.8197748e-04
   2.6747792e-04
   2.5158338e-04
   2.3433179e-04
   2.1576752e-04
   1.9594132e-04
   1.7491023e-04
   1.5273746e-04
   1.2949226e-04
   1.0524970e-04
   8.0090503e-05
   5.4100817e-05
   2.7371930e-05
  -3.2347314e-19
  -2.7914258e-05
  -5.6265912e-05
  -8.4946172e-05
  -1.1384277e-04
  -1.4284039e-04
  -1.7182104e-04
  -2.0066456e-04
  -2.2924905e-04
  -2.5745134e-04
  -2.8514753e-04
  -3.1221344e-04
  -3.3852514e-04
  -3.6395951e-04
  -3.8839472e-04
  -4.1171080e-04
  -4.3379016e-04
  -4.5451811e-04
  -4.7378344e-04
  -4.9147891e-04
  -5.0750177e-04
  -5.2175430e-04
  -5.3414427e-04
  -5.4458547e-04
  -5.5299816e-04
  -5.5930950e-04
  -5.6345402e-04
  -5.6537399e-04
  -5.6501982e-04
  -5.6235043e-04
  -5.5733352e-04
  -5.4994594e-04
  -5.4017390e-04
  -5.2801320e-04
  -5.1346943e-04
  -4.9655815e-04
  -4.7730495e-04
  -4.5574557e-04
  -4.3192590e-04
  -4.0590202e-04
  -3.7774010e-04
  -3.4751634e-04
  -3.1531679e-04
  -2.8123724e-04
  -2.4538294e-04
  -2.0786837e-04
  -1.6881688e-04
  -1.2836040e-04
  -8.6639009e-05
  -4.3800523e-05
   4.3102224e-19
   4.4600755e-05
   8.9833744e-05
   1.3552536e-04
   1.8149698e-04
   2.2756567e-04
   2.7354479e-04
   3.1924474e-04
   3.6447369e-04
   4.0903830e-04
   4.5274451e-04
   4.9539833e-04
   5.3680662e-04
   5.7677790e-04
   6.1512318e-04
   6.5165674e-04
   6.8619701e-04
   7.1856732e-04
   7.4859677e-04
   7.7612098e-04
   8.0098289e-04
   8.2303355e-04
   8.4213285e-04
   8.5815026e-04
   8.7096548e-04
   8.8046921e-04
   8.8656366e-04
   8.8916327e-04
   8.8819518e-04
   8.8359978e-04
   8.7533120e-04
   8.6335769e-04
   8.4766205e-04
   8.2824188e-04
   8.0510993e-04
   7.7829423e-04
   7.4783829e-04
   7.1380117e-04
   6.7625751e-04
   6.3529751e-04
   5.9102679e-04
   5.4356629e-04
   4.9305200e-04
   4.3963468e-04
   3.8347950e-04
   3.2476562e-04
   2.6368572e-04
   2.0044544e-04
   1.3526278e-04
   6.8367417e-05
  -5.3810864e-19
  -6.9588642e-05
  -1.4013834e-04
  -2.1138045e-04
  -2.8303883e-04
  -3.5483079e-04
  -4.2646811e-04
  -4.9765814e-04
  -5.6810486e-04
  -6.3751004e-04
  -7.0557438e-04
  -7.7199870e-04
  -8.3648515e-04
  -8.9873840e-04
  -9.5846689e-04
  -1.0153841e-03
  -1.0692096e-03
  -1.1196705e-03
  -1.1665027e-03
  -1.2094519e-03
  -1.2482746e-03
  -1.2827400e-03
  -1.3126302e-03
  -1.3377422e-03
  -1.3578881e-03
  -1.3728968e-03
  -1.3826145e-03
  -1.3869061e-03
  -1.3856555e-03
  -1.3787668e-03
  -1.3661648e-03
  -1.3477958e-03
  -1.3236283e-03
  -1.2936530e-03
  -1.2578840e-03
  -1.2163585e-03
  -1.1691372e-03
  -1.1163048e-03
  -1.0579697e-03
  -9.9426425e-04
  -9.2534449e-04
  -8.5139004e-04
  -7.7260376e-04
  -6.8921141e-04
  -6.0146116e-04
  -5.0962302e-04
  -4.1398813e-04
  -3.1486807e-04
  -2.1259394e-04
  -1.0751549e-04
   6.3505540e-19
   1.0956874e-04
   2.2079170e-04
   3.3325584e-04
   4.4653548e-04
   5.6019371e-04
   6.7378388e-04
   7.8685119e-04
   8.9893421e-04
   1.0095666e-03
   1.1182789e-03
   1.2246000e-03
   1.3280593e-03
   1.4281882e-03
   1.5245222e-03
   1.6166024e-03
   1.7039778e-03
   1.7862068e-03
   1.8628593e-03
   1.9335184e-03
   1.9977821e-03
   2.0552656e-03
   2.1056026e-03
   2.1484472e-03
   2.1834756e-03
   2.2103875e-03
   2.2289084e-03
   2.2387900e-03
   2.2398128e-03
   2.2317864e-03
   2.2145516e-03
   2.1879812e-03
   2.1519811e-03
   2.1064913e-03
   2.0514869e-03
   1.9869788e-03
   1.9130142e-03
   1.8296774e-03
   1.7370901e-03
   1.6354115e-03
   1.5248387e-03
   1.4056068e-03
   1.2779885e-03
   1.1422941e-03
   9.9887086e-04
   8.4810280e-04
   6.9040988e-04
   5.2624723e-04
   3.5610428e-04
   1.8050364e-04
  -7.1243962e-19
  -1.8482123e-04
  -3.7334535e-04
  -5.6492989e-04
  -7.5890632e-04
  -9.5458181e-04
  -1.1512412e-03
  -1.3481487e-03
  -1.5445507e-03
  -1.7396769e-03
  -1.9327435e-03
  -2.1229553e-03
  -2.3095078e-03
  -2.4915899e-03
  -2.6683868e-03
  -2.8390819e-03
  -3.0028600e-03
  -3.1589096e-03
  -3.3064260e-03
  -3.4446134e-03
  -3.5726883e-03
  -3.6898815e-03
  -3.7954414e-03
  -3.8886363e-03
  -3.9687570e-03
  -4.0351198e-03
  -4.0870686e-03
  -4.1239775e-03
  -4.1452534e-03
  -4.1503380e-03
  -4.1387106e-03
  -4.1098894e-03
  -4.0634346e-03
  -3.9989496e-03
  -3.9160829e-03
  -3.8145302e-03
  -3.6940356e-03
  -3.5543932e-03
  -3.3954486e-03
  -3.2170994e-03
  -3.0192970e-03
  -2.8020469e-03
  -2.5654095e-03
  -2.3095008e-03
  -2.0344925e-03
  -1.7406121e-03
  -1.4281434e-03
  -1.0974256e-03
  -7.4885362e-04
  -3.8287713e-04
   7.6237737e-19
   3.9922056e-04
   8.1417510e-04
   1.2442031e-03
   1.6885944e-03
   2.1465908e-03
   2.6173875e-03
   3.1001354e-03
   3.5939428e-03
   4.0978777e-03
   4.6109699e-03
   5.1322138e-03
   5.6605707e-03
   6.1949713e-03
   6.7343190e-03
   7.2774923e-03
   7.8233482e-03
   8.3707250e-03
   8.9184452e-03
   9.4653194e-03
   1.0010149e-02
   1.0551729e-02
   1.1088854e-02
   1.1620318e-02
   1.2144918e-02
   1.2661462e-02
   1.3168767e-02
   1.3665665e-02
   1.4151005e-02
   1.4623659e-02
   1.5082521e-02
   1.5526515e-02
   1.5954594e-02
   1.6365744e-02
   1.6758989e-02
   1.7133392e-02
   1.7488059e-02
   1.7822138e-02
   1.8134828e-02
   1.8425375e-02
   1.8693077e-02
   1.8937287e-02
   1.9157412e-02
   1.9352920e-02
   1.9523334e-02
   1.9668239e-02
   1.9787284e-02
   1.9880176e-02
   1.9946691e-02
   1.9986665e-02
   2.0000000e-02
   1.9986665e-02
   1.9946691e-02
   1.9880176e-02
   1.9787284e-02
   1.9668239e-02
   1.9523334e-02
   1.9352920e-02
   1.9157412e-02
   1.8937287e-02
   1.8693077e-02
   1.8425375e-02
   1.8134828e-02
   1.7822138e-02
   1.7488059e-02
   1.7133392e-02
   1.6758989e-02
   1.6365744e-02
   1.5954594e-02
   1.5526515e-02
   1.5082521e-02
   1.4623659e-02
   1.4151005e-02
   1.3665665e-02
   1.3168767e-02
   1.2661462e-02
   1.2144918e-02
   1.1620318e-02
   1.1088854e-02
   1.0551729e-02
   1.0010149e-02
   9.4653194e-03
   8.9184452e-03
   8.3707250e-03
   7.8233482e-03
   7.2774923e-03
   6.7343190e-03
   6.1949713e-03
   5.6605707e-03
   5.1322138e-03
   4.6109699e-03
   4.0978777e-03
   3.5939428e-03
   3.1001354e-03
   2.6173875e-03
   2.1465908e-03
   1.6885944e-03
   1.2442031e-03
   8.1417510e-04
   3.9922056e-04
   7.6237737e-19
  -3.8287713e-04
  -7.4885362e-04
  -1.0974256e-03
  -1.4281434e-03
  -1.7406121e-03
  -2.0344925e-03
  -2.3095008e-03
  -2.5654095e-03
  -2.8020469e-03
  -3.0192970e-03
  -3.2170994e-03
  -3.3954486e-03
  -3.5543932e-03
  -3.6940356e-03
  -3.8145302e-03
  -3.9160829e-03
  -3.9989496e-03
  -4.0634346e-03
  -4.1098894e-03
  -4.1387106e-03
  -4.1503380e-03
  -4.1452534e-03
  -4.1239775e-03
  -4.0870686e-03
  -4.0351198e-03
  -3.9687570e-03
  -3.8886363e-03
  -3.7954414e-03
  -3.6898815e-03
  -3.5726883e-03
  -3.4446134e-03
  -3.3064260e-03
  -3.1589096e-03
  -3.0028600e-03
  -2.8390819e-03
  -2.6683868e-03
  -2.4915899e-03
  -2.3095078e-03
  -2.1229553e-03
  -1.9327435e-03
  -1.7396769e-03
  -1.5445507e-03
  -1.3481487e-03
  -1.1512412e-03
  -9.5458181e-04
  -7.5890632e-04
  -5.6492989e-04
  -3.7334535e-04
  -1.8482123e-04
  -7.1243962e-19
   1.8050364e-04
   3.5610428e-04
   5.2624723e-04
   6.9040988e-04
   8.4810280e-04
   9.9887086e-04
   1.1422941e-03
   1.2779885e-03
   1.4056068e-03
   1.5248387e-03
   1.6354115e-03
   1.7370901e-03
   1.8296774e-03
   1.9130142e-03
   1.9869788e-03
   2.0514869e-03
   2.1064913e-03
   2.1519811e-03
   2.1879812e-03
   2.2145516e-03
   2.2317864e-03
   2.2398128e-03
   2.2387900e-03
   2.2289084e-03
   2.2103875e-03
   2.1834756e-03
   2.1484472e-03
   2.1056026e-03
   2.0552656e-03
   1.9977821e-03
   1.9335184e-03
   1.8628593e-03
   1.7862068e-03
   1.7039778e-03
   1.6166024e-03
   1.5245222e-03
   1.4281882e-03
   1.3280593e-03
   1.2246000e-03
   1.1182789e-03
   1.0095666e-03
   8.9893421e-04
   7.8685119e-04
   6.7378388e-04
   5.6019371e-04
   4.4653548e-04
   3.3325584e-04
   2.2079170e-04
   1.0956874e-04
   6.3505540e-19
  -1.0751549e-04
  -2.1259394e-04
  -3.1486807e-04
  -4.1398813e-04
  -5.0962302e-04
  -6.0146116e-04
  -6.8921141e-04
  -7.7260376e-04
  -8.5139004e-04
  -9.2534449e-04
  -9.9426425e-04
  -1.0579697e-03
  -1.1163048e-03
  -1.1691372e-03
  -1.2163585e-03
  -1.2578840e-03
  -1.2936530e-03
  -1.3236283e-03
  -1.3477958e-03
  -1.3661648e-03
  -1.3787668e-03
  -1.3856555e-03
  -1.3869061e-03
  -1.3826145e-03
  -1.3728968e-03
  -1.3578881e-03
  -1.3377422e-03
  -1.3126302e-03
  -1.2827400e-03
  -1.2482746e-03
  -1.2094519e-03
  -1.1665027e-03
  -1.1196705e-03
  -1.0692096e-03
  -1.0153841e-03
  -9.5846689e-04
  -8.9873840e-04
  -8.3648515e-04
  -7.7199870e-04
  -7.0557438e-04
  -6.3751004e-04
  -5.6810486e-04
  -4.9765814e-04
  -4.2646811e-04
  -3.5483079e-04
  -2.8303883e-04
  -2.1138045e-04
  -1.4013834e-04
  -6.9588642e-05
  -5.3810864e-19
   6.8367417e-05
   1.3526278e-04
   2.0044544e-04
   2.6368572e-04
   3.2476562e-04
   3.8347950e-04
   4.3963468e-04
   4.9305200e-04
   5.4356629e-04
   5.9102679e-04
   6.3529751e-04
   6.7625751e-04
   7.1380117e-04
   7.4783829e-04
   7.7829423e-04
   8.0510993e-04
   8.2824188e-04
   8.4766205e-04
   8.6335769e-04
   8.7533120e-04
   8.8359978e-04
   8.8819518e-04
   8.8916327e-04
   8.8656366e-04
   8.8046921e-04
   8.7096548e-04
   8.5815026e-04
   8.4213285e-04
   8.2303355e-04
   8.0098289e-04
   7.7612098e-04
   7.4859677e-04
   7.1856732e-04
   6.8619701e-04
   6.5165674e-04
   6.1512318e-04
   5.7677790e-04
   5.3680662e-04
   4.9539833e-04
   4.5274451e-04
   4.0903830e-04
   3.6447369e-04
   3.1924474e-04
   2.7354479e-04
   2.2756567e-04
   1.8149698e-04
   1.3552536e-04
   8.9833744e-05
   4.4600755e-05
   4.3102224e-19
  -4.3800523e-05
  -8.6639009e-05
  -1.2836040e-04
  -1.6881688e-04
  -2.0786837e-04
  -2.4538294e-04
  -2.8123724e-04
  -3.1531679e-04
  -3.4751634e-04
  -3.7774010e-04
  -4.0590202e-04
  -4.3192590e-04
  -4.5574557e-04
  -4.7730495e-04
  -4.9655815e-04
  -5.1346943e-04
  -5.2801320e-04
  -5.4017390e-04
  -5.4994594e-04
  -5.5733352e-04
  -5.6235043e-04
  -5.6501982e-04
  -5.6537399e-04
  -5.6345402e-04
  -5.5930950e-04
  -5.5299816e-04
  -5.4458547e-04
  -5.3414427e-04
  -5.2175430e-04
  -5.0750177e-04
  -4.9147891e-04
  -4.7378344e-04
  -4.5451811e-04
  -4.3379016e-04
  -4.1171080e-04
  -3.8839472e-04
  -3.6395951e-04
  -3.3852514e-04
  -3.1221344e-04
  -2.8514753e-04
  -2.5745134e-04
  -2.2924905e-04
  -2.0066456e-04
  -1.7182104e-04
  -1.4284039e-04
  -1.1384277e-04
  -8.4946172e-05
  -5.6265912e-05
  -2.7914258e-05
  -3.2347314e-19
   2.7371930e-05
   5.4100817e-05
   8.0090503e-05
   1.0524970e-04
   1.2949226e-04
   1.5273746e-04
   1.7491023e-04
   1.9594132e-04
   2.1576752e-04
   2.3433179e-04
   2.5158338e-04
   2.6747792e-04
   2.8197748e-04
   2.9505060e-04
   3.0667233e-04
   3.1682414e-04
   3.2549396e-04
   3.3267602e-04
   3.3837082e-04
   3.4258496e-04
   3.4533104e-04
   3.4662743e-04
   3.4649814e-04
   3.4497259e-04
   3.4208534e-04
   3.3787592e-04
   3.3238852e-04
   3.2567170e-04
   3.1777816e-04
   3.0876437e-04
   2.9869030e-04
   2.8761910e-04
   2.7561676e-04
   2.6275177e-04
   2.4909481e-04
   2.3471836e-04
   2.1969644e-04
   2.0410418e-04
   1.8801756e-04
   1.7151300e-04
   1.5466709e-04
   1.3755626e-04
   1.2025640e-04
   1.0284264e-04
   8.5388988e-05
   6.7968055e-05
   5.0650792e-05
   3.3506212e-05
   1.6601145e-05
   2.2414206e-19
  -1.6235457e-05
  -3.2046309e-05
  -4.7376676e-05
  -6.2173887e-05
  -7.6388638e-05
  -8.9975127e-05
  -1.0289118e-04
  -1.1509833e-04
  -1.2656194e-04
  -1.3725124e-04
  -1.4713937e-04
  -1.5620345e-04
  -1.6442453e-04
  -1.7178764e-04
  -1.7828175e-04
  -1.8389972e-04
  -1.8863825e-04
  -1.9249784e-04
  -1.9548264e-04
  -1.9760042e-04
  -1.9886243e-04
  -1.9928327e-04
  -1.9888076e-04
  -1.9767577e-04
  -1.9569211e-04
  -1.9295633e-04
  -1.8949753e-04
  -1.8534724e-04
  -1.8053914e-04
  -1.7510895e-04
  -1.6909418e-04
  -1.6253394e-04
  -1.5546876e-04
  -1.4794033e-04
  -1.3999134e-04
  -1.3166527e-04
  -1.2300615e-04
  -1.1405839e-04
  -1.0486656e-04
  -9.5475208e-05
  -8.5928660e-05
  -7.6270829e-05
  -6.6545038e-05
  -5.6793848e-05
  -4.7058887e-05
  -3.7380693e-05
  -2.7798563e-05
  -1.8350411e-05
  -9.0726364e-06
  -1.3969352e-19
   8.8344874e-06
   1.7399667e-05
   2.5666326e-05
   3.3607273e-05
   4.1197414e-05
   4.8413809e-05
   5.5235718e-05
   6.1644640e-05
   6.7624339e-05
   7.3160860e-05
   7.8242533e-05
   8.2859966e-05
   8.7006033e-05
   9.0675846e-05
   9.3866720e-05
   9.6578132e-05
   9.8811663e-05
   1.0057094e-04
   1.0186158e-04
   1.0269109e-04
   1.0306879e-04
   1.0300576e-04
   1.0251468e-04
   1.0160979e-04
   1.0030677e-04
   9.8622595e-05
   9.6575485e-05
   9.4184745e-05
   9.1470665e-05
   8.8454403e-05
   8.5157864e-05
   8.1603580e-05
   7.7814592e-05
   7.3814334e-05
   6.9626510e-05
   6.5274986e-05
   6.0783670e-05
   5.6176407e-05
   5.1476868e-05
   4.6708449e-05
   4.1894168e-05
   3.7056575e-05
   3.2217657e-05
   2.7398752e-05
   2.2620473e-05
   1.7902628e-05
   1.3264156e-05
   8.7230599e-06
   4.2963515e-06
   7.4133631e-20
  -4.1511120e-06
  -8.1432270e-06
  -1.1963745e-05
  -1.5601246e-05
  -1.9045515e-05
  -2.2287549e-05
  -2.5319566e-05
  -2.8135006e-05
  -3.0728526e-05
  -3.3095989e-05
  -3.5234446e-05
  -3.7142117e-05
  -3.8818361e-05
  -4.0263649e-05
  -4.1479524e-05
  -4.2468562e-05
  -4.3234330e-05
  -4.3781335e-05
  -4.4114975e-05
  -4.4241484e-05
  -4.4167879e-05
  -4.3901896e-05
  -4.3451934e-05
  -4.2826990e-05
  -4.2036598e-05
  -4.1090763e-05
  -3.9999897e-05
  -3.8774757e-05
  -3.7426374e-05
  -3.5965996e-05
  -3.4405020e-05
  -3.2754934e-05
  -3.1027251e-05
  -2.9233453e-05
  -2.7384934e-05
  -2.5492945e-05
  -2.3568538e-05
  -2.1622522e-05
  -1.9665409e-05
  -1.7707374e-05
  -1.5758212e-05
  -1.3827300e-05
  -1.1923563e-05
  -1.0055441e-05
  -8.2308623e-06
  -6.4572193e-06
  -4.7413464e-06
  -3.0895040e-06
  -1.5073639e-06
  -2.8621073e-20
