  -1.2484105e-19
  -6.4017921e-06
  -1.2732465e-05
  -1.8895934e-05
  -2.4798069e-05
  -3.0348032e-05
  -3.5459587e-05
  -4.0052352e-05
  -4.4052980e-05
  -4.7396260e-05
  -5.0026108e-05
  -5.1896457e-05
  -5.2972001e-05
  -5.3228817e-05
  -5.2654826e-05
  -5.1250104e-05
  -4.9027024e-05
  -4.6010230e-05
  -4.2236449e-05
  -3.7754115e-05
  -3.2622842e-05
  -2.6912720e-05
  -2.0703456e-05
  -1.4083367e-05
  -7.1482284e-06
   3.3778600e-19
   7.2545593e-06
   1.4505375e-05
   2.1640613e-05
   2.8548297e-05
   3.5117955e-05
   4.1242282e-05
   4.6818793e-05
   5.1751436e-05
   5.5952155e-05
   5.9342362e-05
   6.1854312e-05
   6.3432342e-05
   6.4033963e-05
   6.3630788e-05
   6.2209266e-05
   5.9771212e-05
   5.6334127e-05
   5.1931285e-05
   4.6611588e-05
   4.0439178e-05
   3.3492817e-05
   2.5865020e-05
   1.7660964e-05
   8.9971735e-06
  -1.5997445e-19
  -9.1960914e-06
  -1.8450401e-05
  -2.7618020e-05
  -3.6551976e-05
  -4.5105466e-05
  -5.3134142e-05
  -6.0498431e-05
  -6.7065830e-05
  -7.2713159e-05
  -7.7328732e-05
  -8.0814401e-05
  -8.3087447e-05
  -8.4082278e-05
  -8.3751910e-05
  -8.2069186e-05
  -7.9027724e-05
  -7.4642560e-05
  -6.8950468e-05
  -6.2009948e-05
  -5.3900866e-05
  -4.4723749e-05
  -3.4598727e-05
  -2.3664139e-05
  -1.2074806e-05
  -1.4347170e-19
   1.2378883e-05
   2.4870899e-05
   3.7278358e-05
   4.9399811e-05
   6.1033185e-05
   7.1978998e-05
   8.2043640e-05
   9.1042634e-05
   9.8803842e-05
   1.0517057e-04
   1.1000448e-04
   1.1318834e-04
   1.1462844e-04
   1.1425673e-04
   1.1203262e-04
   1.0794432e-04
   1.0200983e-04
   9.4277429e-05
   8.4825655e-05
   7.3762875e-05
   6.1226292e-05
   4.7380484e-05
   3.2415459e-05
   1.6544237e-05
  -2.6193554e-19
  -1.6967161e-05
  -3.4093865e-05
  -5.1107368e-05
  -6.7729747e-05
  -8.3682277e-05
  -9.8689940e-05
  -1.1248598e-04
  -1.2481647e-04
  -1.3544474e-04
  -1.4415570e-04
  -1.5075986e-04
  -1.5509708e-04
  -1.5703993e-04
  -1.5649661e-04
  -1.5341329e-04
  -1.4777604e-04
  -1.3961198e-04
  -1.2898994e-04
  -1.1602034e-04
  -1.0085450e-04
  -8.3683131e-05
  -6.4734277e-05
  -4.4270502e-05
  -2.2585483e-05
   9.8315756e-19
   2.3142618e-05
   4.6481523e-05
   6.9643798e-05
   9.2250234e-05
   1.1392135e-04
   1.3428357e-04
   1.5297546e-04
   1.6965390e-04
   1.8400013e-04
   1.9572553e-04
   2.0457706e-04
   2.1034222e-04
   2.1285353e-04
   2.1199227e-04
   2.0769169e-04
   1.9993921e-04
   1.8877805e-04
   1.7430772e-04
   1.5668387e-04
   1.3611696e-04
   1.1287022e-04
   8.7256555e-05
   5.9634619e-05
   3.0404069e-05
  -4.2074366e-19
  -3.1113312e-05
  -6.2449288e-05
  -9.3506454e-05
  -1.2377625e-04
  -1.5275117e-04
  -1.7993300e-04
  -2.0484120e-04
  -2.2702106e-04
  -2.4605175e-04
  -2.6155391e-04
  -2.7319676e-04
  -2.8070459e-04
  -2.8386248e-04
  -2.8252118e-04
  -2.7660100e-04
  -2.6609467e-04
  -2.5106907e-04
  -2.3166582e-04
  -2.0810061e-04
  -1.8066136e-04
  -1.4970511e-04
  -1.1565379e-04
  -7.8988743e-05
  -4.0244255e-05
  -6.3644660e-19
   4.1127369e-05
   8.2493432e-05
   1.2343586e-04
   1.6328479e-04
   2.0137353e-04
   2.3704945e-04
   2.6968489e-04
   2.9868787e-04
   3.2351246e-04
   3.4366866e-04
   3.5873148e-04
   3.6834925e-04
   3.7225091e-04
   3.7025205e-04
   3.6225978e-04
   3.4827614e-04
   3.2840007e-04
   3.0282784e-04
   2.7185189e-04
   2.3585811e-04
   1.9532155e-04
   1.5080051e-04
   1.0292931e-04
   5.2409521e-05
  -6.2085357e-19
  -5.3494199e-05
  -1.0723393e-04
  -1.6035884e-04
  -2.1200086e-04
  -2.6129810e-04
  -3.0740893e-04
  -3.4952600e-04
  -3.8689002e-04
  -4.1880299e-04
  -4.4464073e-04
  -4.6386450e-04
  -4.7603136e-04
  -4.8080334e-04
  -4.7795493e-04
  -4.6737900e-04
  -4.4909091e-04
  -4.2323066e-04
  -3.9006314e-04
  -3.4997628e-04
  -3.0347725e-04
  -2.5118660e-04
  -1.9383048e-04
  -1.3223099e-04
  -6.7294758e-05
   2.6566087e-18
   6.8617910e-05
   1.3748202e-04
   2.0549039e-04
   2.7153336e-04
   3.3451133e-04
   3.9335271e-04
   4.4703169e-04
   4.9458574e-04
   5.3513232e-04
   5.6788461e-04
   5.9216613e-04
   6.0742365e-04
   6.1323857e-04
   6.0933613e-04
   5.9559268e-04
   5.7204049e-04
   5.3887020e-04
   4.9643076e-04
   4.4522682e-04
   3.8591353e-04
   3.1928883e-04
   2.4628330e-04
   1.6794768e-04
   8.5438213e-05
  -8.4267711e-19
  -8.7051354e-05
  -1.7434960e-04
  -2.6049888e-04
  -3.4409563e-04
  -4.2375102e-04
  -4.9811355e-04
  -5.6589150e-04
  -6.2587479e-04
  -6.7695598e-04
  -7.1814993e-04
  -7.4861194e-04
  -7.6765391e-04
  -7.7475829e-04
  -7.6958952e-04
  -7.5200280e-04
  -7.2204992e-04
  -6.7998205e-04
  -6.2624934e-04
  -5.6149738e-04
  -4.8656039e-04
  -4.0245130e-04
  -3.1034874e-04
  -2.1158116e-04
  -1.0760828e-04
   9.5497141e-19
   1.0958672e-04
   2.1943288e-04
   3.2778390e-04
   4.3287705e-04
   5.3296964e-04
   6.2636730e-04
   7.1145199e-04
   7.8670937e-04
   8.5075490e-04
   9.0235844e-04
   9.4046671e-04
   9.6422337e-04
   9.7298634e-04
   9.6634192e-04
   9.4411556e-04
   9.0637898e-04
   8.5345348e-04
   7.8590928e-04
   7.0456091e-04
   6.1045859e-04
   5.0487566e-04
   3.8929223e-04
   2.6537527e-04
   1.3495529e-04
  -1.0645006e-18
  -1.3741464e-04
  -2.7513568e-04
  -4.1096621e-04
  -5.4269969e-04
  -6.6815501e-04
  -7.8521183e-04
  -8.9184556e-04
  -9.8616140e-04
  -1.0664270e-03
  -1.1311029e-03
  -1.1788709e-03
  -1.2086588e-03
  -1.2196621e-03
  -1.2113618e-03
  -1.1835376e-03
  -1.1362768e-03
  -1.0699790e-03
  -9.8535465e-04
  -8.8341988e-04
  -7.6548568e-04
  -6.3314229e-04
  -4.8823905e-04
  -3.3285954e-04
  -1.6929268e-04
   1.1685679e-18
   1.7242041e-04
   3.4527282e-04
   5.1580498e-04
   6.8125092e-04
   8.3887472e-04
   9.8601461e-04
   1.1201267e-03
   1.2388276e-03
   1.3399353e-03
   1.4215075e-03
   1.4818772e-03
   1.5196839e-03
   1.5339011e-03
   1.5238589e-03
   1.4892609e-03
   1.4301964e-03
   1.3471456e-03
   1.2409797e-03
   1.1129540e-03
   9.6469546e-04
   7.9818379e-04
   6.1572653e-04
   4.1992871e-04
   2.1365717e-04
  -1.2646106e-18
  -2.1777819e-04
  -4.3628467e-04
  -6.5204989e-04
  -8.6158102e-04
  -1.0614167e-03
  -1.2481827e-03
  -1.4186467e-03
  -1.5697723e-03
  -1.6987709e-03
  -1.8031505e-03
  -1.8807610e-03
  -1.9298345e-03
  -1.9490212e-03
  -1.9374186e-03
  -1.8945945e-03
  -1.8206032e-03
  -1.7159942e-03
  -1.5818134e-03
  -1.4195965e-03
  -1.2313542e-03
  -1.0195508e-03
  -7.8707348e-04
  -5.3719613e-04
  -2.7353523e-04
   1.3502638e-18
   2.7926320e-04
   5.5993120e-04
   8.3756837e-04
   1.1076941e-03
   1.3658520e-03
   1.6076809e-03
   1.8289846e-03
   2.0258019e-03
   2.1944731e-03
   2.3317040e-03
   2.4346254e-03
   2.5008467e-03
   2.5285042e-03
   2.5163009e-03
   2.4635396e-03
   2.3701466e-03
   2.2366866e-03
   2.0643677e-03
   1.8550371e-03
   1.6111662e-03
   1.3358260e-03
   1.0326531e-03
   7.0580547e-04
   3.5990971e-04
  -1.4234187e-18
  -3.6855090e-04
  -7.4010716e-04
  -1.1088512e-03
  -1.4688694e-03
  -1.8142420e-03
  -2.1391336e-03
  -2.4378863e-03
  -2.7051109e-03
  -2.9357764e-03
  -3.1252967e-03
  -3.2696120e-03
  -3.3652638e-03
  -3.4094638e-03
  -3.4001527e-03
  -3.3360505e-03
  -3.2166962e-03
  -3.0424751e-03
  -2.8146353e-03
  -2.5352910e-03
  -2.2074127e-03
  -1.8348047e-03
  -1.4220696e-03
  -9.7456008e-04
  -4.9831753e-04
   1.4822737e-18
   5.1320150e-04
   1.0336566e-03
   1.5533978e-03
   2.0642310e-03
   2.5578511e-03
   3.0259636e-03
   3.4604079e-03
   3.8532833e-03
   4.1970734e-03
   4.4847690e-03
   4.7099867e-03
   4.8670822e-03
   4.9512554e-03
   4.9586469e-03
   4.8864240e-03
   4.7328538e-03
   4.4973640e-03
   4.1805883e-03
   3.7843967e-03
   3.3119094e-03
   2.7674946e-03
   2.1567480e-03
   1.4864565e-03
   7.6454379e-04
  -1.5253798e-18
  -7.9720517e-04
  -1.6162242e-03
  -2.4454478e-03
  -3.2726337e-03
  -4.0850472e-03
  -4.8696111e-03
  -5.6130638e-03
  -6.3021233e-03
  -6.9236559e-03
  -7.4648454e-03
  -7.9133639e-03
  -8.2575380e-03
  -8.4865125e-03
  -8.5904051e-03
  -8.5604537e-03
  -8.3891521e-03
  -8.0703724e-03
  -7.5994733e-03
  -6.9733917e-03
  -6.1907171e-03
  -5.2517462e-03
  -4.1585189e-03
  -2.9148324e-03
  -1.5262353e-03
   1.5516754e-18
   1.6549259e-03
   3.4279891e-03
   5.3071203e-03
   7.2788426e-03
   9.3283993e-03
   1.1439897e-02
   1.3596465e-02
   1.5780428e-02
   1.7973487e-02
   2.0156919e-02
   2.2311767e-02
   2.4419054e-02
   2.6459983e-02
   2.8416147e-02
   3.0269729e-02
   3.2003702e-02
   3.3602018e-02
   3.5049790e-02
   3.6333456e-02
   3.7440935e-02
   3.8361761e-02
   3.9087206e-02
   3.9610374e-02
   3.9926284e-02
   4.0031923e-02
   3.9926284e-02
   3.9610374e-02
   3.9087206e-02
   3.8361761e-02
   3.7440935e-02
   3.6333456e-02
   3.5049790e-02
   3.3602018e-02
   3.2003702e-02
   3.0269729e-02
   2.8416147e-02
   2.6459983e-02
   2.4419054e-02
   2.2311767e-02
   2.0156919e-02
   1.7973487e-02
   1.5780428e-02
   1.3596465e-02
   1.1439897e-02
   9.3283993e-03
   7.2788426e-03
   5.3071203e-03
   3.4279891e-03
   1.6549259e-03
   1.5516754e-18
  -1.5262353e-03
  -2.9148324e-03
  -4.1585189e-03
  -5.2517462e-03
  -6.1907171e-03
  -6.9733917e-03
  -7.5994733e-03
  -8.0703724e-03
  -8.3891521e-03
  -8.5604537e-03
  -8.5904051e-03
  -8.4865125e-03
  -8.2575380e-03
  -7.9133639e-03
  -7.4648454e-03
  -6.9236559e-03
  -6.3021233e-03
  -5.6130638e-03
  -4.8696111e-03
  -4.0850472e-03
  -3.2726337e-03
  -2.4454478e-03
  -1.6162242e-03
  -7.9720517e-04
  -1.5253798e-18
   7.6454379e-04
   1.4864565e-03
   2.1567480e-03
   2.7674946e-03
   3.3119094e-03
   3.7843967e-03
   4.1805883e-03
   4.4973640e-03
   4.7328538e-03
   4.8864240e-03
   4.9586469e-03
   4.9512554e-03
   4.8670822e-03
   4.7099867e-03
   4.4847690e-03
   4.1970734e-03
   3.8532833e-03
   3.4604079e-03
   3.0259636e-03
   2.5578511e-03
   2.0642310e-03
   1.5533978e-03
   1.0336566e-03
   5.1320150e-04
   1.4822737e-18
  -4.9831753e-04
  -9.7456008e-04
  -1.4220696e-03
  -1.8348047e-03
  -2.2074127e-03
  -2.5352910e-03
  -2.8146353e-03
  -3.0424751e-03
  -3.2166962e-03
  -3.3360505e-03
  -3.4001527e-03
  -3.4094638e-03
  -3.3652638e-03
  -3.2696120e-03
  -3.1252967e-03
  -2.9357764e-03
  -2.7051109e-03
  -2.4378863e-03
  -2.1391336e-03
  -1.8142420e-03
  -1.4688694e-03
  -1.1088512e-03
  -7.4010716e-04
  -3.6855090e-04
  -1.4234187e-18
   3.5990971e-04
   7.0580547e-04
   1.0326531e-03
   1.3358260e-03
   1.6111662e-03
   1.8550371e-03
   2.0643677e-03
   2.2366866e-03
   2.3701466e-03
   2.4635396e-03
   2.5163009e-03
   2.5285042e-03
   2.5008467e-03
   2.4346254e-03
   2.3317040e-03
   2.1944731e-03
   2.0258019e-03
   1.8289846e-03
   1.6076809e-03
   1.3658520e-03
   1.1076941e-03
   8.3756837e-04
   5.5993120e-04
   2.7926320e-04
   1.3502638e-18
  -2.7353523e-04
  -5.3719613e-04
  -7.8707348e-04
  -1.0195508e-03
  -1.2313542e-03
  -1.4195965e-03
  -1.5818134e-03
  -1.7159942e-03
  -1.8206032e-03
  -1.8945945e-03
  -1.9374186e-03
  -1.9490212e-03
  -1.9298345e-03
  -1.8807610e-03
  -1.8031505e-03
  -1.6987709e-03
  -1.5697723e-03
  -1.4186467e-03
  -1.2481827e-03
  -1.0614167e-03
  -8.6158102e-04
  -6.5204989e-04
  -4.3628467e-04
  -2.1777819e-04
  -1.2646106e-18
   2.1365717e-04
   4.1992871e-04
   6.1572653e-04
   7.9818379e-04
   9.6469546e-04
   1.1129540e-03
   1.2409797e-03
   1.3471456e-03
   1.4301964e-03
   1.4892609e-03
   1.5238589e-03
   1.5339011e-03
   1.5196839e-03
   1.4818772e-03
   1.4215075e-03
   1.3399353e-03
   1.2388276e-03
   1.1201267e-03
   9.8601461e-04
   8.3887472e-04
   6.8125092e-04
   5.1580498e-04
   3.4527282e-04
   1.7242041e-04
   1.1685679e-18
  -1.6929268e-04
  -3.3285954e-04
  -4.8823905e-04
  -6.3314229e-04
  -7.6548568e-04
  -8.8341988e-04
  -9.8535465e-04
  -1.0699790e-03
  -1.1362768e-03
  -1.1835376e-03
  -1.2113618e-03
  -1.2196621e-03
  -1.2086588e-03
  -1.1788709e-03
  -1.1311029e-03
  -1.0664270e-03
  -9.8616140e-04
  -8.9184556e-04
  -7.8521183e-04
  -6.6815501e-04
  -5.4269969e-04
  -4.1096621e-04
  -2.7513568e-04
  -1.3741464e-04
  -1.0645006e-18
   1.3495529e-04
   2.6537527e-04
   3.8929223e-04
   5.0487566e-04
   6.1045859e-04
   7.0456091e-04
   7.8590928e-04
   8.5345348e-04
   9.0637898e-04
   9.4411556e-04
   9.6634192e-04
   9.7298634e-04
   9.6422337e-04
   9.4046671e-04
   9.0235844e-04
   8.5075490e-04
   7.8670937e-04
   7.1145199e-04
   6.2636730e-04
   5.3296964e-04
   4.3287705e-04
   3.2778390e-04
   2.1943288e-04
   1.0958672e-04
   9.5497141e-19
  -1.0760828e-04
  -2.1158116e-04
  -3.1034874e-04
  -4.0245130e-04
  -4.8656039e-04
  -5.6149738e-04
  -6.2624934e-04
  -6.7998205e-04
  -7.2204992e-04
  -7.5200280e-04
  -7.6958952e-04
  -7.7475829e-04
  -7.6765391e-04
  -7.4861194e-04
  -7.1814993e-04
  -6.7695598e-04
  -6.2587479e-04
  -5.6589150e-04
  -4.9811355e-04
  -4.2375102e-04
  -3.4409563e-04
  -2.6049888e-04
  -1.7434960e-04
  -8.7051354e-05
  -8.4267711e-19
   8.5438213e-05
   1.6794768e-04
   2.4628330e-04
   3.1928883e-04
   3.8591353e-04
   4.4522682e-04
   4.9643076e-04
   5.3887020e-04
   5.7204049e-04
   5.9559268e-04
   6.0933613e-04
   6.1323857e-04
   6.0742365e-04
   5.9216613e-04
   5.6788461e-04
   5.3513232e-04
   4.9458574e-04
   4.4703169e-04
   3.9335271e-04
   3.3451133e-04
   2.7153336e-04
   2.0549039e-04
   1.3748202e-04
   6.8617910e-05
   2.6566087e-18
  -6.7294758e-05
  -1.3223099e-04
  -1.9383048e-04
  -2.5118660e-04
  -3.0347725e-04
  -3.4997628e-04
  -3.9006314e-04
  -4.2323066e-04
  -4.4909091e-04
  -4.6737900e-04
  -4.7795493e-04
  -4.8080334e-04
  -4.7603136e-04
  -4.6386450e-04
  -4.4464073e-04
  -4.1880299e-04
  -3.8689002e-04
  -3.4952600e-04
  -3.0740893e-04
  -2.6129810e-04
  -2.1200086e-04
  -1.6035884e-04
  -1.0723393e-04
  -5.3494199e-05
  -6.2085357e-19
   5.2409521e-05
   1.0292931e-04
   1.5080051e-04
   1.9532155e-04
   2.3585811e-04
   2.7185189e-04
   3.0282784e-04
   3.2840007e-04
   3.4827614e-04
   3.6225978e-04
   3.7025205e-04
   3.7225091e-04
   3.6834925e-04
   3.5873148e-04
   3.4366866e-04
   3.2351246e-04
   2.9868787e-04
   2.6968489e-04
   2.3704945e-04
   2.0137353e-04
   1.6328479e-04
   1.2343586e-04
   8.2493432e-05
   4.1127369e-05
  -6.3644660e-19
  -4.0244255e-05
  -7.8988743e-05
  -1.1565379e-04
  -1.4970511e-04
  -1.8066136e-04
  -2.0810061e-04
  -2.3166582e-04
  -2.5106907e-04
  -2.6609467e-04
  -2.7660100e-04
  -2.8252118e-04
  -2.8386248e-04
  -2.8070459e-04
  -2.7319676e-04
  -2.6155391e-04
  -2.4605175e-04
  -2.2702106e-04
  -2.0484120e-04
  -1.7993300e-04
  -1.5275117e-04
  -1.2377625e-04
  -9.3506454e-05
  -6.2449288e-05
  -3.1113312e-05
  -4.2074366e-19
   3.0404069e-05
   5.9634619e-05
   8.7256555e-05
   1.1287022e-04
   1.3611696e-04
   1.5668387e-04
   1.7430772e-04
   1.8877805e-04
   1.9993921e-04
   2.0769169e-04
   2.1199227e-04
   2.1285353e-04
   2.1034222e-04
   2.0457706e-04
   1.9572553e-04
   1.8400013e-04
   1.6965390e-04
   1.5297546e-04
   1.3428357e-04
   1.1392135e-04
   9.2250234e-05
   6.9643798e-05
   4.6481523e-05
   2.3142618e-05
   9.8315756e-19
  -2.2585483e-05
  -4.4270502e-05
  -6.4734277e-05
  -8.3683131e-05
  -1.0085450e-04
  -1.1602034e-04
  -1.2898994e-04
  -1.3961198e-04
  -1.4777604e-04
  -1.5341329e-04
  -1.5649661e-04
  -1.5703993e-04
  -1.5509708e-04
  -1.5075986e-04
  -1.4415570e-04
  -1.3544474e-04
  -1.2481647e-04
  -1.1248598e-04
  -9.8689940e-05
  -8.3682277e-05
  -6.7729747e-05
  -5.1107368e-05
  -3.4093865e-05
  -1.6967161e-05
  -2.6193554e-19
   1.6544237e-05
   3.2415459e-05
   4.7380484e-05
   6.1226292e-05
   7.3762875e-05
   8.4825655e-05
   9.4277429e-05
   1.0200983e-04
   1.0794432e-04
   1.1203262e-04
   1.1425673e-04
   1.1462844e-04
   1.1318834e-04
   1.1000448e-04
   1.0517057e-04
   9.8803842e-05
   9.1042634e-05
   8.2043640e-05
   7.1978998e-05
   6.1033185e-05
   4.9399811e-05
   3.7278358e-05
   2.4870899e-05
   1.2378883e-05
  -1.4347170e-19
  -1.2074806e-05
  -2.3664139e-05
  -3.4598727e-05
  -4.4723749e-05
  -5.3900866e-05
  -6.2009948e-05
  -6.8950468e-05
  -7.4642560e-05
  -7.9027724e-05
  -8.2069186e-05
  -8.3751910e-05
  -8.4082278e-05
  -8.3087447e-05
  -8.0814401e-05
  -7.7328732e-05
  -7.2713159e-05
  -6.7065830e-05
  -6.0498431e-05
  -5.3134142e-05
  -4.5105466e-05
  -3.6551976e-05
  -2.7618020e-05
  -1.8450401e-05
  -9.1960914e-06
  -1.5997445e-19
   8.9971735e-06
   1.7660964e-05
   2.5865020e-05
   3.3492817e-05
   4.0439178e-05
   4.6611588e-05
   5.1931285e-05
   5.6334127e-05
   5.9771212e-05
   6.2209266e-05
   6.3630788e-05
   6.4033963e-05
   6.3432342e-05
   6.1854312e-05
   5.9342362e-05
   5.5952155e-05
   5.1751436e-05
   4.6818793e-05
   4.1242282e-05
   3.5117955e-05
   2.8548297e-05
   2.1640613e-05
   1.4505375e-05
   7.2545593e-06
   3.3778600e-19
  -7.1482284e-06
  -1.4083367e-05
  -2.0703456e-05
  -2.6912720e-05
  -3.2622842e-05
  -3.7754115e-05
  -4.2236449e-05
  -4.6010230e-05
  -4.9027024e-05
  -5.1250104e-05
  -5.2654826e-05
  -5.3228817e-05
  -5.2972001e-05
  -5.1896457e-05
  -5.0026108e-05
  -4.7396260e-05
  -4.4052980e-05
  -4.0052352e-05
  -3.5459587e-05
  -3.0348032e-05
  -2.4798069e-05
  -1.8895934e-05
  -1.2732465e-05
  -6.4017921e-06
  -1.2484105e-19
