  -1.8329900e-05
  -1.8254422e-05
  -1.8103771e-05
  -1.7878557e-05
  -1.7579690e-05
  -1.7208380e-05
  -1.6766128e-05
  -1.6254725e-05
  -1.5676239e-05
  -1.5033012e-05
  -1.4327649e-05
  -1.3563005e-05
  -1.2742179e-05
  -1.1868495e-05
  -1.0945496e-05
  -9.9769233e-06
  -8.9667064e-06
  -7.9189450e-06
  -6.8378932e-06
  -5.7279424e-06
  -4.5936042e-06
  -3.4394920e-06
  -2.2703029e-06
  -1.0907986e-06
   9.4213565e-08
   1.2798995e-06
   2.4614180e-06
   3.6339404e-06
   4.7926694e-06
   5.9328585e-06
   7.0498315e-06
   8.1390007e-06
   9.1958858e-06
   1.0216132e-05
   1.1195527e-05
   1.2130019e-05
   1.3015733e-05
   1.3848986e-05
   1.4626301e-05
   1.5344424e-05
   1.6000336e-05
   1.6591264e-05
   1.7114695e-05
   1.7568386e-05
   1.7950370e-05
   1.8258969e-05
   1.8492799e-05
   1.8650776e-05
   1.8732121e-05
   1.8736365e-05
   1.8663348e-05
   1.8513225e-05
   1.8286462e-05
   1.7983836e-05
   1.7606433e-05
   1.7155645e-05
   1.6633161e-05
   1.6040968e-05
   1.5381335e-05
   1.4656813e-05
   1.3870218e-05
   1.3024627e-05
   1.2123361e-05
   1.1169973e-05
   1.0168237e-05
   9.1221335e-06
   8.0358292e-06
   6.9136660e-06
   5.7601413e-06
   4.5798913e-06
   3.3776725e-06
   2.1583430e-06
   9.2684329e-07
  -3.1182346e-07
  -1.5526110e-06
  -2.7904505e-06
  -4.0202704e-06
  -5.2370169e-06
  -6.4356746e-06
  -7.6112861e-06
  -8.7589726e-06
  -9.8739534e-06
  -1.0951565e-05
  -1.1987282e-05
  -1.2976733e-05
  -1.3915721e-05
  -1.4800237e-05
  -1.5626484e-05
  -1.6390884e-05
  -1.7090099e-05
  -1.7721046e-05
  -1.8280904e-05
  -1.8767132e-05
  -1.9177479e-05
  -1.9509991e-05
  -1.9763025e-05
  -1.9935253e-05
  -2.0025668e-05
  -2.0033592e-05
  -1.9958680e-05
  -1.9800919e-05
  -1.9560633e-05
  -1.9238481e-05
  -1.8835458e-05
  -1.8352889e-05
  -1.7792427e-05
  -1.7156049e-05
  -1.6446047e-05
  -1.5665020e-05
  -1.4815868e-05
  -1.3901779e-05
  -1.2926216e-05
  -1.1892911e-05
  -1.0805842e-05
  -9.6692247e-06
  -8.4874957e-06
  -7.2652936e-06
  -6.0074427e-06
  -4.7189347e-06
  -3.4049089e-06
  -2.0706326e-06
  -7.2148055e-07
   6.3708611e-07
   1.9995412e-06
   3.3603157e-06
   4.7138192e-06
   6.0544628e-06
   7.3766814e-06
   8.6749559e-06
   9.9438357e-06
   1.1177961e-05
   1.2372085e-05
   1.3521094e-05
   1.4620032e-05
   1.5664116e-05
   1.6648763e-05
   1.7569604e-05
   1.8422503e-05
   1.9203580e-05
   1.9909222e-05
   2.0536102e-05
   2.1081193e-05
   2.1541783e-05
   2.1915486e-05
   2.2200257e-05
   2.2394397e-05
   2.2496566e-05
   2.2505788e-05
   2.2421461e-05
   2.2243357e-05
   2.1971627e-05
   2.1606805e-05
   2.1149805e-05
   2.0601921e-05
   1.9964825e-05
   1.9240564e-05
   1.8431549e-05
   1.7540554e-05
   1.6570703e-05
   1.5525462e-05
   1.4408627e-05
   1.3224311e-05
   1.1976930e-05
   1.0671184e-05
   9.3120475e-06
   7.9047442e-06
   6.4547318e-06
   4.9676809e-06
   3.4494534e-06
   1.9060810e-06
   3.4374178e-07
  -1.2312629e-06
  -2.8125334e-06
  -4.3935961e-06
  -5.9679292e-06
  -7.5289882e-06
  -9.0702322e-06
  -1.0585150e-05
  -1.2067286e-05
  -1.3510268e-05
  -1.4907832e-05
  -1.6253848e-05
  -1.7542346e-05
  -1.8767542e-05
  -1.9923863e-05
  -2.1005968e-05
  -2.2008776e-05
  -2.2927485e-05
  -2.3757594e-05
  -2.4494926e-05
  -2.5135645e-05
  -2.5676275e-05
  -2.6113718e-05
  -2.6445269e-05
  -2.6668631e-05
  -2.6781925e-05
  -2.6783707e-05
  -2.6672973e-05
  -2.6449167e-05
  -2.6112191e-05
  -2.5662407e-05
  -2.5100639e-05
  -2.4428178e-05
  -2.3646776e-05
  -2.2758650e-05
  -2.1766470e-05
  -2.0673358e-05
  -1.9482879e-05
  -1.8199031e-05
  -1.6826231e-05
  -1.5369307e-05
  -1.3833474e-05
  -1.2224328e-05
  -1.0547818e-05
  -8.8102310e-06
  -7.0181695e-06
  -5.1785272e-06
  -3.2984654e-06
  -1.3853868e-06
   5.5309137e-07
   2.5091657e-06
   4.4748756e-06
   6.4421339e-06
   8.4027575e-06
   1.0348499e-05
   1.2271080e-05
   1.4162223e-05
   1.6013684e-05
   1.7817288e-05
   1.9564960e-05
   2.1248762e-05
   2.2860922e-05
   2.4393872e-05
   2.5840276e-05
   2.7193067e-05
   2.8445474e-05
   2.9591058e-05
   3.0623736e-05
   3.1537816e-05
   3.2328019e-05
   3.2989510e-05
   3.3517921e-05
   3.3909374e-05
   3.4160506e-05
   3.4268485e-05
   3.4231032e-05
   3.4046435e-05
   3.3713565e-05
   3.3231889e-05
   3.2601479e-05
   3.1823019e-05
   3.0897814e-05
   2.9827791e-05
   2.8615501e-05
   2.7264117e-05
   2.5777432e-05
   2.4159850e-05
   2.2416378e-05
   2.0552618e-05
   1.8574748e-05
   1.6489510e-05
   1.4304190e-05
   1.2026596e-05
   9.6650363e-06
   7.2282938e-06
   4.7255962e-06
   2.1665879e-06
  -4.3870324e-07
  -3.0798995e-06
  -5.7463099e-06
  -8.4269675e-06
  -1.1110670e-05
  -1.3786018e-05
  -1.6441464e-05
  -1.9065348e-05
  -2.1645949e-05
  -2.4171529e-05
  -2.6630377e-05
  -2.9010863e-05
  -3.1301481e-05
  -3.3490900e-05
  -3.5568011e-05
  -3.7521976e-05
  -3.9342281e-05
  -4.1018777e-05
  -4.2541734e-05
  -4.3901884e-05
  -4.5090470e-05
  -4.6099289e-05
  -4.6920737e-05
  -4.7547851e-05
  -4.7974349e-05
  -4.8194670e-05
  -4.8204012e-05
  -4.7998363e-05
  -4.7574536e-05
  -4.6930200e-05
  -4.6063904e-05
  -4.4975105e-05
  -4.3664186e-05
  -4.2132476e-05
  -4.0382268e-05
  -3.8416824e-05
  -3.6240390e-05
  -3.3858197e-05
  -3.1276465e-05
  -2.8502397e-05
  -2.5544173e-05
  -2.2410945e-05
  -1.9112814e-05
  -1.5660820e-05
  -1.2066914e-05
  -8.3439358e-06
  -4.5055808e-06
  -5.6636755e-07
   3.4584009e-06
   7.5526794e-06
   1.1699726e-05
   1.5882153e-05
   2.0081978e-05
   2.4280685e-05
   2.8459282e-05
   3.2598367e-05
   3.6678192e-05
   4.0678741e-05
   4.4579795e-05
   4.8361016e-05
   5.2002020e-05
   5.5482463e-05
   5.8782126e-05
   6.1880994e-05
   6.4759354e-05
   6.7397874e-05
   6.9777705e-05
   7.1880562e-05
   7.3688826e-05
   7.5185632e-05
   7.6354966e-05
   7.7181759e-05
   7.7651978e-05
   7.7752722e-05
   7.7472315e-05
   7.6800395e-05
   7.5728008e-05
   7.4247693e-05
   7.2353571e-05
   7.0041428e-05
   6.7308797e-05
   6.4155040e-05
   6.0581420e-05
   5.6591176e-05
   5.2189593e-05
   4.7384063e-05
   4.2184150e-05
   3.6601647e-05
   3.0650622e-05
   2.4347472e-05
   1.7710959e-05
   1.0762252e-05
   3.5249499e-06
  -3.9748861e-06
  -1.1708718e-05
  -1.9645518e-05
  -2.7751759e-05
  -3.5991419e-05
  -4.4325986e-05
  -5.2714471e-05
  -6.1113428e-05
  -6.9476983e-05
  -7.7756867e-05
  -8.5902457e-05
  -9.3860825e-05
  -1.0157679e-04
  -1.0899299e-04
  -1.1604994e-04
  -1.2268612e-04
  -1.2883803e-04
  -1.3444032e-04
  -1.3942588e-04
  -1.4372590e-04
  -1.4727004e-04
  -1.4998651e-04
  -1.5180219e-04
  -1.5264279e-04
  -1.5243295e-04
  -1.5109639e-04
  -1.4855607e-04
  -1.4473433e-04
  -1.3955305e-04
  -1.3293377e-04
  -1.2479792e-04
  -1.1506696e-04
  -1.0366252e-04
  -9.0506611e-05
  -7.5521794e-05
  -5.8631354e-05
  -3.9759483e-05
  -1.8831464e-05
   4.2261458e-06
   2.9485329e-05
   5.7016423e-05
   8.6887933e-05
   1.1916635e-04
   1.5391596e-04
   1.9119868e-04
   2.3107384e-04
   2.7359805e-04
   3.1882498e-04
   3.6680522e-04
   4.1758609e-04
   4.7121149e-04
   5.2772171e-04
   5.8715332e-04
   6.4953898e-04
   7.1490728e-04
   7.8328266e-04
   8.5468523e-04
   9.2913065e-04
   1.0066300e-03
   1.0871897e-03
   1.1708115e-03
   1.2574920e-03
   1.3472230e-03
   1.4399913e-03
   1.5357785e-03
   1.6345611e-03
   1.7363103e-03
   1.8409921e-03
   1.9485670e-03
   2.0589905e-03
   2.1722125e-03
   2.2881776e-03
   2.4068253e-03
   2.5280895e-03
   2.6518991e-03
   2.7781774e-03
   2.9068429e-03
   3.0378088e-03
   3.1709832e-03
   3.3062695e-03
   3.4435658e-03
   3.5827660e-03
   3.7237588e-03
   3.8664288e-03
   4.0106560e-03
   4.1563162e-03
   4.3032813e-03
   4.4514190e-03
   4.6005934e-03
   4.7506652e-03
   4.9014914e-03
   5.0529261e-03
   5.2048203e-03
   5.3570225e-03
   5.5093783e-03
   5.6617314e-03
   5.8139230e-03
   5.9657930e-03
   6.1171793e-03
   6.2679188e-03
   6.4178471e-03
   6.5667991e-03
   6.7146091e-03
   6.8611113e-03
   7.0061397e-03
   7.1495287e-03
   7.2911132e-03
   7.4307287e-03
   7.5682122e-03
   7.7034017e-03
   7.8361370e-03
   7.9662597e-03
   8.0936136e-03
   8.2180451e-03
   8.3394029e-03
   8.4575391e-03
   8.5723086e-03
   8.6835701e-03
   8.7911858e-03
   8.8950219e-03
   8.9949486e-03
   9.0908409e-03
   9.1825781e-03
   9.2700444e-03
   9.3531290e-03
   9.4317265e-03
   9.5057367e-03
   9.5750652e-03
   9.6396232e-03
   9.6993278e-03
   9.7541024e-03
   9.8038764e-03
   9.8485856e-03
   9.8881722e-03
   9.9225850e-03
   9.9517794e-03
   9.9757177e-03
   9.9943686e-03
   1.0007708e-02
   1.0015719e-02
   1.0018390e-02
   1.0015719e-02
   1.0007708e-02
   9.9943686e-03
   9.9757177e-03
   9.9517794e-03
   9.9225850e-03
   9.8881722e-03
   9.8485856e-03
   9.8038764e-03
   9.7541024e-03
   9.6993278e-03
   9.6396232e-03
   9.5750652e-03
   9.5057367e-03
   9.4317265e-03
   9.3531290e-03
   9.2700444e-03
   9.1825781e-03
   9.0908409e-03
   8.9949486e-03
   8.8950219e-03
   8.7911858e-03
   8.6835701e-03
   8.5723086e-03
   8.4575391e-03
   8.3394029e-03
   8.2180451e-03
   8.0936136e-03
   7.9662597e-03
   7.8361370e-03
   7.7034017e-03
   7.5682122e-03
   7.4307287e-03
   7.2911132e-03
   7.1495287e-03
   7.0061397e-03
   6.8611113e-03
   6.7146091e-03
   6.5667991e-03
   6.4178471e-03
   6.2679188e-03
   6.1171793e-03
   5.9657930e-03
   5.8139230e-03
   5.6617314e-03
   5.5093783e-03
   5.3570225e-03
   5.2048203e-03
   5.0529261e-03
   4.9014914e-03
   4.7506652e-03
   4.6005934e-03
   4.4514190e-03
   4.3032813e-03
   4.1563162e-03
   4.0106560e-03
   3.8664288e-03
   3.7237588e-03
   3.5827660e-03
   3.4435658e-03
   3.3062695e-03
   3.1709832e-03
   3.0378088e-03
   2.9068429e-03
   2.7781774e-03
   2.6518991e-03
   2.5280895e-03
   2.4068253e-03
   2.2881776e-03
   2.1722125e-03
   2.0589905e-03
   1.9485670e-03
   1.8409921e-03
   1.7363103e-03
   1.6345611e-03
   1.5357785e-03
   1.4399913e-03
   1.3472230e-03
   1.2574920e-03
   1.1708115e-03
   1.0871897e-03
   1.0066300e-03
   9.2913065e-04
   8.5468523e-04
   7.8328266e-04
   7.1490728e-04
   6.4953898e-04
   5.8715332e-04
   5.2772171e-04
   4.7121149e-04
   4.1758609e-04
   3.6680522e-04
   3.1882498e-04
   2.7359805e-04
   2.3107384e-04
   1.9119868e-04
   1.5391596e-04
   1.1916635e-04
   8.6887933e-05
   5.7016423e-05
   2.9485329e-05
   4.2261458e-06
  -1.8831464e-05
  -3.9759483e-05
  -5.8631354e-05
  -7.5521794e-05
  -9.0506611e-05
  -1.0366252e-04
  -1.1506696e-04
  -1.2479792e-04
  -1.3293377e-04
  -1.3955305e-04
  -1.4473433e-04
  -1.4855607e-04
  -1.5109639e-04
  -1.5243295e-04
  -1.5264279e-04
  -1.5180219e-04
  -1.4998651e-04
  -1.4727004e-04
  -1.4372590e-04
  -1.3942588e-04
  -1.3444032e-04
  -1.2883803e-04
  -1.2268612e-04
  -1.1604994e-04
  -1.0899299e-04
  -1.0157679e-04
  -9.3860825e-05
  -8.5902457e-05
  -7.7756867e-05
  -6.9476983e-05
  -6.1113428e-05
  -5.2714471e-05
  -4.4325986e-05
  -3.5991419e-05
  -2.7751759e-05
  -1.9645518e-05
  -1.1708718e-05
  -3.9748861e-06
   3.5249499e-06
   1.0762252e-05
   1.7710959e-05
   2.4347472e-05
   3.0650622e-05
   3.6601647e-05
   4.2184150e-05
   4.7384063e-05
   5.2189593e-05
   5.6591176e-05
   6.0581420e-05
   6.4155040e-05
   6.7308797e-05
   7.0041428e-05
   7.2353571e-05
   7.4247693e-05
   7.5728008e-05
   7.6800395e-05
   7.7472315e-05
   7.7752722e-05
   7.7651978e-05
   7.7181759e-05
   7.6354966e-05
   7.5185632e-05
   7.3688826e-05
   7.1880562e-05
   6.9777705e-05
   6.7397874e-05
   6.4759354e-05
   6.1880994e-05
   5.8782126e-05
   5.5482463e-05
   5.2002020e-05
   4.8361016e-05
   4.4579795e-05
   4.0678741e-05
   3.6678192e-05
   3.2598367e-05
   2.8459282e-05
   2.4280685e-05
   2.0081978e-05
   1.5882153e-05
   1.1699726e-05
   7.5526794e-06
   3.4584009e-06
  -5.6636755e-07
  -4.5055808e-06
  -8.3439358e-06
  -1.2066914e-05
  -1.5660820e-05
  -1.9112814e-05
  -2.2410945e-05
  -2.5544173e-05
  -2.8502397e-05
  -3.1276465e-05
  -3.3858197e-05
  -3.6240390e-05
  -3.8416824e-05
  -4.0382268e-05
  -4.2132476e-05
  -4.3664186e-05
  -4.4975105e-05
  -4.6063904e-05
  -4.6930200e-05
  -4.7574536e-05
  -4.7998363e-05
  -4.8204012e-05
  -4.8194670e-05
  -4.7974349e-05
  -4.7547851e-05
  -4.6920737e-05
  -4.6099289e-05
  -4.5090470e-05
  -4.3901884e-05
  -4.2541734e-05
  -4.1018777e-05
  -3.9342281e-05
  -3.7521976e-05
  -3.5568011e-05
  -3.3490900e-05
  -3.1301481e-05
  -2.9010863e-05
  -2.6630377e-05
  -2.4171529e-05
  -2.1645949e-05
  -1.9065348e-05
  -1.6441464e-05
  -1.3786018e-05
  -1.1110670e-05
  -8.4269675e-06
  -5.7463099e-06
  -3.0798995e-06
  -4.3870324e-07
   2.1665879e-06
   4.7255962e-06
   7.2282938e-06
   9.6650363e-06
   1.2026596e-05
   1.4304190e-05
   1.6489510e-05
   1.8574748e-05
   2.0552618e-05
   2.2416378e-05
   2.4159850e-05
   2.5777432e-05
   2.7264117e-05
   2.8615501e-05
   2.9827791e-05
   3.0897814e-05
   3.1823019e-05
   3.2601479e-05
   3.3231889e-05
   3.3713565e-05
   3.4046435e-05
   3.4231032e-05
   3.4268485e-05
   3.4160506e-05
   3.3909374e-05
   3.3517921e-05
   3.2989510e-05
   3.2328019e-05
   3.1537816e-05
   3.0623736e-05
   2.9591058e-05
   2.8445474e-05
   2.7193067e-05
   2.5840276e-05
   2.4393872e-05
   2.2860922e-05
   2.1248762e-05
   1.9564960e-05
   1.7817288e-05
   1.6013684e-05
   1.4162223e-05
   1.2271080e-05
   1.0348499e-05
   8.4027575e-06
   6.4421339e-06
   4.4748756e-06
   2.5091657e-06
   5.5309137e-07
  -1.3853868e-06
  -3.2984654e-06
  -5.1785272e-06
  -7.0181695e-06
  -8.8102310e-06
  -1.0547818e-05
  -1.2224328e-05
  -1.3833474e-05
  -1.5369307e-05
  -1.6826231e-05
  -1.8199031e-05
  -1.9482879e-05
  -2.0673358e-05
  -2.1766470e-05
  -2.2758650e-05
  -2.3646776e-05
  -2.4428178e-05
  -2.5100639e-05
  -2.5662407e-05
  -2.6112191e-05
  -2.6449167e-05
  -2.6672973e-05
  -2.6783707e-05
  -2.6781925e-05
  -2.6668631e-05
  -2.6445269e-05
  -2.6113718e-05
  -2.5676275e-05
  -2.5135645e-05
  -2.4494926e-05
  -2.3757594e-05
  -2.2927485e-05
  -2.2008776e-05
  -2.1005968e-05
  -1.9923863e-05
  -1.8767542e-05
  -1.7542346e-05
  -1.6253848e-05
  -1.4907832e-05
  -1.3510268e-05
  -1.2067286e-05
  -1.0585150e-05
  -9.0702322e-06
  -7.5289882e-06
  -5.9679292e-06
  -4.3935961e-06
  -2.8125334e-06
  -1.2312629e-06
   3.4374178e-07
   1.9060810e-06
   3.4494534e-06
   4.9676809e-06
   6.4547318e-06
   7.9047442e-06
   9.3120475e-06
   1.0671184e-05
   1.1976930e-05
   1.3224311e-05
   1.4408627e-05
   1.5525462e-05
   1.6570703e-05
   1.7540554e-05
   1.8431549e-05
   1.9240564e-05
   1.9964825e-05
   2.0601921e-05
   2.1149805e-05
   2.1606805e-05
   2.1971627e-05
   2.2243357e-05
   2.2421461e-05
   2.2505788e-05
   2.2496566e-05
   2.2394397e-05
   2.2200257e-05
   2.1915486e-05
   2.1541783e-05
   2.1081193e-05
   2.0536102e-05
   1.9909222e-05
   1.9203580e-05
   1.8422503e-05
   1.7569604e-05
   1.6648763e-05
   1.5664116e-05
   1.4620032e-05
   1.3521094e-05
   1.2372085e-05
   1.1177961e-05
   9.9438357e-06
   8.6749559e-06
   7.3766814e-06
   6.0544628e-06
   4.7138192e-06
   3.3603157e-06
   1.9995412e-06
   6.3708611e-07
  -7.2148055e-07
  -2.0706326e-06
  -3.4049089e-06
  -4.7189347e-06
  -6.0074427e-06
  -7.2652936e-06
  -8.4874957e-06
  -9.6692247e-06
  -1.0805842e-05
  -1.1892911e-05
  -1.2926216e-05
  -1.3901779e-05
  -1.4815868e-05
  -1.5665020e-05
  -1.6446047e-05
  -1.7156049e-05
  -1.7792427e-05
  -1.8352889e-05
  -1.8835458e-05
  -1.9238481e-05
  -1.9560633e-05
  -1.9800919e-05
  -1.9958680e-05
  -2.0033592e-05
  -2.0025668e-05
  -1.9935253e-05
  -1.9763025e-05
  -1.9509991e-05
  -1.9177479e-05
  -1.8767132e-05
  -1.8280904e-05
  -1.7721046e-05
  -1.7090099e-05
  -1.6390884e-05
  -1.5626484e-05
  -1.4800237e-05
  -1.3915721e-05
  -1.2976733e-05
  -1.1987282e-05
  -1.0951565e-05
  -9.8739534e-06
  -8.7589726e-06
  -7.6112861e-06
  -6.4356746e-06
  -5.2370169e-06
  -4.0202704e-06
  -2.7904505e-06
  -1.5526110e-06
  -3.1182346e-07
   9.2684329e-07
   2.1583430e-06
   3.3776725e-06
   4.5798913e-06
   5.7601413e-06
   6.9136660e-06
   8.0358292e-06
   9.1221335e-06
   1.0168237e-05
   1.1169973e-05
   1.2123361e-05
   1.3024627e-05
   1.3870218e-05
   1.4656813e-05
   1.5381335e-05
   1.6040968e-05
   1.6633161e-05
   1.7155645e-05
   1.7606433e-05
   1.7983836e-05
   1.8286462e-05
   1.8513225e-05
   1.8663348e-05
   1.8736365e-05
   1.8732121e-05
   1.8650776e-05
   1.8492799e-05
   1.8258969e-05
   1.7950370e-05
   1.7568386e-05
   1.7114695e-05
   1.6591264e-05
   1.6000336e-05
   1.5344424e-05
   1.4626301e-05
   1.3848986e-05
   1.3015733e-05
   1.2130019e-05
   1.1195527e-05
   1.0216132e-05
   9.1958858e-06
   8.1390007e-06
   7.0498315e-06
   5.9328585e-06
   4.7926694e-06
   3.6339404e-06
   2.4614180e-06
   1.2798995e-06
   9.4213565e-08
  -1.0907986e-06
  -2.2703029e-06
  -3.4394920e-06
  -4.5936042e-06
  -5.7279424e-06
  -6.8378932e-06
  -7.9189450e-06
  -8.9667064e-06
  -9.9769233e-06
  -1.0945496e-05
  -1.1868495e-05
  -1.2742179e-05
  -1.3563005e-05
  -1.4327649e-05
  -1.5033012e-05
  -1.5676239e-05
  -1.6254725e-05
  -1.6766128e-05
  -1.7208380e-05
  -1.7579690e-05
  -1.7878557e-05
  -1.8103771e-05
  -1.8254422e-05
  -1.8329900e-05
