  -2.7086626e-05
  -2.5810266e-05
  -2.4323794e-05
  -2.2640911e-05
  -2.0778632e-05
  -1.8757024e-05
  -1.6598899e-05
  -1.4329458e-05
  -1.1975898e-05
  -9.5669826e-06
  -7.1325860e-06
  -4.7032191e-06
  -2.3095421e-06
   1.8126771e-08
   2.2502985e-06
   4.3587890e-06
   6.3171763e-06
   8.1012298e-06
   9.6893069e-06
   1.1062709e-05
   1.2205993e-05
   1.3107229e-05
   1.3758204e-05
   1.4154571e-05
   1.4295927e-05
   1.4185841e-05
   1.3831807e-05
   1.3245143e-05
   1.2440821e-05
   1.1437247e-05
   1.0255980e-05
   8.9213972e-06
   7.4603218e-06
   5.9016034e-06
   4.2756685e-06
   2.6140428e-06
   9.4885572e-07
  -6.8766679e-07
  -2.2637127e-06
  -3.7483888e-06
  -5.1122134e-06
  -6.3275874e-06
  -7.3692377e-06
  -8.2146247e-06
  -8.8443081e-06
  -9.2422650e-06
  -9.3961545e-06
  -9.2975254e-06
  -8.9419633e-06
  -8.3291739e-06
  -7.4630024e-06
  -6.3513874e-06
  -5.0062503e-06
  -3.4433219e-06
  -1.6819088e-06
   2.5539715e-07
   2.3430617e-06
   4.5529976e-06
   6.8549954e-06
   9.2171883e-06
   1.1606544e-05
   1.3989375e-05
   1.6331862e-05
   1.8600578e-05
   2.0763011e-05
   2.2788067e-05
   2.4646558e-05
   2.6311655e-05
   2.7759314e-05
   2.8968646e-05
   2.9922249e-05
   3.0606480e-05
   3.1011672e-05
   3.1132283e-05
   3.0966991e-05
   3.0518712e-05
   2.9794557e-05
   2.8805722e-05
   2.7567316e-05
   2.6098127e-05
   2.4420324e-05
   2.2559116e-05
   2.0542355e-05
   1.8400104e-05
   1.6164161e-05
   1.3867567e-05
   1.1544087e-05
   9.2276786e-06
   6.9519651e-06
   4.7497064e-06
   2.6522876e-06
   6.8922851e-07
  -1.1122771e-06
  -2.7277854e-06
  -4.1359822e-06
  -5.3190134e-06
  -6.2627600e-06
  -6.9570536e-06
  -7.3958289e-06
  -7.5772109e-06
  -7.5035351e-06
  -7.1813004e-06
  -6.6210554e-06
  -5.8372199e-06
  -4.8478442e-06
  -3.6743109e-06
  -2.3409816e-06
  -8.7479751e-07
   6.9516318e-07
   2.3381615e-06
   4.0223015e-06
   5.7150526e-06
   7.3837832e-06
   8.9962956e-06
   1.0521355e-05
   1.1929205e-05
   1.3192054e-05
   1.4284541e-05
   1.5184151e-05
   1.5871596e-05
   1.6331135e-05
   1.6550841e-05
   1.6522813e-05
   1.6243310e-05
   1.5712831e-05
   1.4936119e-05
   1.3922097e-05
   1.2683739e-05
   1.1237875e-05
   9.6049284e-06
   7.8085982e-06
   5.8754886e-06
   3.8346866e-06
   1.7173005e-06
  -4.4403655e-07
  -2.6156895e-06
  -4.7635622e-06
  -6.8536476e-06
  -8.8525790e-06
  -1.0728173e-05
  -1.2449954e-05
  -1.3989657e-05
  -1.5321692e-05
  -1.6423573e-05
  -1.7276292e-05
  -1.7864645e-05
  -1.8177493e-05
  -1.8207967e-05
  -1.7953592e-05
  -1.7416356e-05
  -1.6602697e-05
  -1.5523424e-05
  -1.4193564e-05
  -1.2632146e-05
  -1.0861918e-05
  -8.9089959e-06
  -6.8024725e-06
  -4.5739627e-06
  -2.2571145e-06
   1.1291646e-07
   2.5000187e-06
   4.8676941e-06
   7.1796349e-06
   9.4003011e-06
   1.1495486e-05
   1.3432866e-05
   1.5182517e-05
   1.6717398e-05
   1.8013795e-05
   1.9051698e-05
   1.9815143e-05
   2.0292465e-05
   2.0476508e-05
   2.0364740e-05
   1.9959316e-05
   1.9267048e-05
   1.8299312e-05
   1.7071874e-05
   1.5604652e-05
   1.3921401e-05
   1.2049346e-05
   1.0018745e-05
   7.8624137e-06
   5.6151975e-06
   3.3134142e-06
   9.9426812e-07
  -1.3047523e-06
  -3.5464842e-06
  -5.6946971e-06
  -7.7146881e-06
  -9.5738543e-06
  -1.1242235e-05
  -1.2693012e-05
  -1.3902965e-05
  -1.4852866e-05
  -1.5527814e-05
  -1.5917501e-05
  -1.6016406e-05
  -1.5823906e-05
  -1.5344317e-05
  -1.4586849e-05
  -1.3565480e-05
  -1.2298755e-05
  -1.0809510e-05
  -9.1245157e-06
  -7.2740675e-06
  -5.2915033e-06
  -3.2126745e-06
  -1.0753702e-06
   1.0812951e-06
   3.2175191e-06
   5.2934677e-06
   7.2699350e-06
   9.1090001e-06
   1.0774668e-05
   1.2233486e-05
   1.3455123e-05
   1.4412903e-05
   1.5084288e-05
   1.5451293e-05
   1.5500837e-05
   1.5225012e-05
   1.4621276e-05
   1.3692557e-05
   1.2447276e-05
   1.0899275e-05
   9.0676580e-06
   6.9765496e-06
   4.6547667e-06
   2.1354120e-06
  -5.4460558e-07
  -3.3451165e-06
  -6.2232951e-06
  -9.1343130e-06
  -1.2032032e-05
  -1.4869724e-05
  -1.7600815e-05
  -2.0179623e-05
  -2.2562103e-05
  -2.4706568e-05
  -2.6574381e-05
  -2.8130606e-05
  -2.9344613e-05
  -3.0190617e-05
  -3.0648146e-05
  -3.0702435e-05
  -3.0344732e-05
  -2.9572513e-05
  -2.8389600e-05
  -2.6806185e-05
  -2.4838749e-05
  -2.2509885e-05
  -1.9848023e-05
  -1.6887058e-05
  -1.3665891e-05
  -1.0227883e-05
  -6.6202389e-06
  -2.8933189e-06
   9.0010455e-07
   4.7056356e-06
   8.4680787e-06
   1.2132283e-05
   1.5643996e-05
   1.8950711e-05
   2.2002500e-05
   2.4752810e-05
   2.7159221e-05
   2.9184143e-05
   3.0795447e-05
   3.1967022e-05
   3.2679231e-05
   3.2919290e-05
   3.2681524e-05
   3.1967533e-05
   3.0786232e-05
   2.9153785e-05
   2.7093422e-05
   2.4635147e-05
   2.1815331e-05
   1.8676207e-05
   1.5265264e-05
   1.1634555e-05
   7.8399244e-06
   3.9401658e-06
  -3.8711866e-09
  -3.9302200e-06
  -7.7767620e-06
  -1.1482206e-05
  -1.4987062e-05
  -1.8234607e-05
  -2.1171802e-05
  -2.3750178e-05
  -2.5926652e-05
  -2.7664265e-05
  -2.8932840e-05
  -2.9709530e-05
  -2.9979272e-05
  -2.9735102e-05
  -2.8978367e-05
  -2.7718794e-05
  -2.5974430e-05
  -2.3771455e-05
  -2.1143852e-05
  -1.8132960e-05
  -1.4786895e-05
  -1.1159863e-05
  -7.3113590e-06
  -3.3052758e-06
   7.9107295e-07
   4.9079971e-06
   8.9745286e-06
   1.2919556e-05
   1.6672980e-05
   2.0166870e-05
   2.3336602e-05
   2.6121967e-05
   2.8468222e-05
   3.0327072e-05
   3.1657570e-05
   3.2426905e-05
   3.2611085e-05
   3.2195484e-05
   3.1175247e-05
   2.9555555e-05
   2.7351725e-05
   2.4589159e-05
   2.1303118e-05
   1.7538351e-05
   1.3348550e-05
   8.7956594e-06
   3.9490411e-06
  -1.1155019e-06
  -6.3168192e-06
  -1.1569618e-05
  -1.6785757e-05
  -2.1875616e-05
  -2.6749517e-05
  -3.1319179e-05
  -3.5499180e-05
  -3.9208410e-05
  -4.2371488e-05
  -4.4920122e-05
  -4.6794383e-05
  -4.7943885e-05
  -4.8328837e-05
  -4.7920954e-05
  -4.6704211e-05
  -4.4675420e-05
  -4.1844620e-05
  -3.8235270e-05
  -3.3884232e-05
  -2.8841552e-05
  -2.3170014e-05
  -1.6944500e-05
  -1.0251128e-05
  -3.1862009e-06
   4.1450362e-06
   1.1629811e-05
   1.9149399e-05
   2.6580825e-05
   3.3798697e-05
   4.0677109e-05
   4.7091623e-05
   5.2921275e-05
   5.8050594e-05
   6.2371590e-05
   6.5785684e-05
   6.8205562e-05
   6.9556894e-05
   6.9779922e-05
   6.8830859e-05
   6.6683099e-05
   6.3328184e-05
   5.8776541e-05
   5.3057936e-05
   4.6221656e-05
   3.8336394e-05
   2.9489827e-05
   1.9787901e-05
   9.3537957e-06
  -1.6733994e-06
  -1.3140302e-05
  -2.4881134e-05
  -3.6719869e-05
  -4.8472622e-05
  -5.9950239e-05
  -7.0961074e-05
  -8.1313900e-05
  -9.0820927e-05
  -9.9300885e-05
  -1.0658214e-04
  -1.1250575e-04
  -1.1692852e-04
  -1.1972587e-04
  -1.2079458e-04
  -1.2005532e-04
  -1.1745493e-04
  -1.1296840e-04
  -1.0660050e-04
  -9.8387039e-05
  -8.8395746e-05
  -7.6726647e-05
  -6.3512027e-05
  -4.8915880e-05
  -3.3132853e-05
  -1.6386690e-05
   1.0718537e-06
   1.8967608e-05
   3.7004083e-05
   5.4867061e-05
   7.2228644e-05
   8.8751741e-05
   1.0409496e-04
   1.1791783e-04
   1.2988639e-04
   1.3967893e-04
   1.4699206e-04
   1.5154677e-04
   1.5309467e-04
   1.5142417e-04
   1.4636653e-04
   1.3780188e-04
   1.2566489e-04
   1.0995017e-04
   9.0717303e-05
   6.8095425e-05
   4.2287216e-05
   1.3572358e-05
  -1.7689705e-05
  -5.1057718e-05
  -8.6007343e-05
  -1.2193071e-04
  -1.5813683e-04
  -1.9385289e-04
  -2.2822649e-04
  -2.6032878e-04
  -2.8915855e-04
  -3.1364725e-04
  -3.3266494e-04
  -3.4502707e-04
  -3.4950223e-04
  -3.4482059e-04
  -3.2968322e-04
  -3.0277199e-04
  -2.6276021e-04
  -2.0832375e-04
  -1.3815264e-04
  -5.0963021e-05
   5.4490600e-05
   1.7940297e-04
   3.2490563e-04
   4.9205456e-04
   6.8181795e-04
   8.9506427e-04
   1.1325508e-03
   1.3949128e-03
   1.6826526e-03
   1.9961310e-03
   2.3355574e-03
   2.7009831e-03
   3.0922938e-03
   3.5092042e-03
   3.9512537e-03
   4.4178035e-03
   4.9080343e-03
   5.4209463e-03
   5.9553600e-03
   6.5099189e-03
   7.0830931e-03
   7.6731847e-03
   8.2783348e-03
   8.8965313e-03
   9.5256188e-03
   1.0163309e-02
   1.0807193e-02
   1.1454754e-02
   1.2103383e-02
   1.2750393e-02
   1.3393033e-02
   1.4028509e-02
   1.4654000e-02
   1.5266672e-02
   1.5863703e-02
   1.6442296e-02
   1.6999700e-02
   1.7533228e-02
   1.8040273e-02
   1.8518331e-02
   1.8965012e-02
   1.9378061e-02
   1.9755372e-02
   2.0095002e-02
   2.0395187e-02
   2.0654352e-02
   2.0871122e-02
   2.1044338e-02
   2.1173054e-02
   2.1256556e-02
   2.1294359e-02
   2.1286213e-02
   2.1232106e-02
   2.1132263e-02
   2.0987145e-02
   2.0797446e-02
   2.0564088e-02
   2.0288215e-02
   1.9971183e-02
   1.9614554e-02
   1.9220083e-02
   1.8789706e-02
   1.8325526e-02
   1.7829800e-02
   1.7304923e-02
   1.6753411e-02
   1.6177884e-02
   1.5581048e-02
   1.4965678e-02
   1.4334600e-02
   1.3690668e-02
   1.3036752e-02
   1.2375714e-02
   1.1710394e-02
   1.1043589e-02
   1.0378037e-02
   9.7164022e-03
   9.0612562e-03
   8.4150657e-03
   7.7801781e-03
   7.1588088e-03
   6.5530302e-03
   5.9647613e-03
   5.3957593e-03
   4.8476122e-03
   4.3217330e-03
   3.8193552e-03
   3.3415300e-03
   2.8891246e-03
   2.4628224e-03
   2.0631241e-03
   1.6903508e-03
   1.3446476e-03
   1.0259890e-03
   7.3418575e-04
   4.6889183e-04
   2.2961344e-04
   1.5718312e-05
  -1.7355404e-04
  -3.3908129e-04
  -4.8184683e-04
  -6.0292769e-04
  -7.0348226e-04
  -7.8473769e-04
  -8.4797719e-04
  -8.9452739e-04
  -9.2574574e-04
  -9.4300822e-04
  -9.4769731e-04
  -9.4119046e-04
  -9.2484901e-04
  -9.0000775e-04
  -8.6796519e-04
  -8.2997455e-04
  -7.8723550e-04
  -7.4088690e-04
  -6.9200027e-04
  -6.4157432e-04
  -5.9053033e-04
  -5.3970853e-04
  -4.8986542e-04
  -4.4167202e-04
  -3.9571305e-04
  -3.5248703e-04
  -3.1240718e-04
  -2.7580316e-04
  -2.4292362e-04
  -2.1393937e-04
  -1.8894723e-04
  -1.6797448e-04
  -1.5098381e-04
  -1.3787860e-04
  -1.2850873e-04
  -1.2267649e-04
  -1.2014283e-04
  -1.2063361e-04
  -1.2384600e-04
  -1.2945477e-04
  -1.3711856e-04
  -1.4648587e-04
  -1.5720097e-04
  -1.6890941e-04
  -1.8126323e-04
  -1.9392577e-04
  -2.0657613e-04
  -2.1891304e-04
  -2.3065838e-04
  -2.4156008e-04
  -2.5139460e-04
  -2.5996880e-04
  -2.6712135e-04
  -2.7272356e-04
  -2.7667978e-04
  -2.7892721e-04
  -2.7943533e-04
  -2.7820488e-04
  -2.7526637e-04
  -2.7067831e-04
  -2.6452505e-04
  -2.5691438e-04
  -2.4797484e-04
  -2.3785292e-04
  -2.2670999e-04
  -2.1471926e-04
  -2.0206262e-04
  -1.8892746e-04
  -1.7550362e-04
  -1.6198027e-04
  -1.4854310e-04
  -1.3537150e-04
  -1.2263602e-04
  -1.1049606e-04
  -9.9097762e-05
  -8.8572179e-05
  -7.9033770e-05
  -7.0579149e-05
  -6.3286162e-05
  -5.7213266e-05
  -5.2399224e-05
  -4.8863091e-05
  -4.6604510e-05
  -4.5604276e-05
  -4.5825167e-05
  -4.7213021e-05
  -4.9698033e-05
  -5.3196244e-05
  -5.7611203e-05
  -6.2835761e-05
  -6.8753982e-05
  -7.5243119e-05
  -8.2175651e-05
  -8.9421319e-05
  -9.6849162e-05
  -1.0432949e-04
  -1.1173582e-04
  -1.1894663e-04
  -1.2584712e-04
  -1.3233070e-04
  -1.3830038e-04
  -1.4366998e-04
  -1.4836514e-04
  -1.5232407e-04
  -1.5549821e-04
  -1.5785255e-04
  -1.5936583e-04
  -1.6003045e-04
  -1.5985226e-04
  -1.5885007e-04
  -1.5705503e-04
  -1.5450983e-04
  -1.5126771e-04
  -1.4739140e-04
  -1.4295184e-04
  -1.3802693e-04
  -1.3270011e-04
  -1.2705892e-04
  -1.2119353e-04
  -1.1519530e-04
  -1.0915526e-04
  -1.0316276e-04
  -9.7304040e-05
  -9.1661018e-05
  -8.6310060e-05
  -8.1320923e-05
  -7.6755811e-05
  -7.2668564e-05
  -6.9104004e-05
  -6.6097424e-05
  -6.3674251e-05
  -6.1849857e-05
  -6.0629542e-05
  -6.0008667e-05
  -5.9972949e-05
  -6.0498891e-05
  -6.1554358e-05
  -6.3099274e-05
  -6.5086428e-05
  -6.7462386e-05
  -7.0168469e-05
  -7.3141814e-05
  -7.6316468e-05
  -7.9624517e-05
  -8.2997223e-05
  -8.6366161e-05
  -8.9664319e-05
  -9.2827171e-05
  -9.5793681e-05
  -9.8507242e-05
  -1.0091652e-04
  -1.0297623e-04
  -1.0464773e-04
  -1.0589961e-04
  -1.0670806e-04
  -1.0705716e-04
  -1.0693901e-04
  -1.0635378e-04
  -1.0530957e-04
  -1.0382217e-04
  -1.0191473e-04
  -9.9617273e-05
  -9.6966109e-05
  -9.4003192e-05
  -9.0775354e-05
  -8.7333493e-05
  -8.3731701e-05
  -8.0026345e-05
  -7.6275132e-05
  -7.2536156e-05
  -6.8866955e-05
  -6.5323577e-05
  -6.1959694e-05
  -5.8825750e-05
  -5.5968179e-05
  -5.3428686e-05
  -5.1243616e-05
  -4.9443414e-05
  -4.8052179e-05
  -4.7087327e-05
  -4.6559365e-05
  -4.6471768e-05
  -4.6820976e-05
  -4.7596500e-05
  -4.8781134e-05
  -5.0351275e-05
  -5.2277334e-05
  -5.4524251e-05
  -5.7052075e-05
  -5.9816628e-05
  -6.2770226e-05
  -6.5862448e-05
  -6.9040945e-05
  -7.2252266e-05
  -7.5442705e-05
  -7.8559134e-05
  -8.1549829e-05
  -8.4365261e-05
  -8.6958852e-05
  -8.9287678e-05
  -9.1313103e-05
  -9.3001352e-05
  -9.4323993e-05
  -9.5258344e-05
  -9.5787773e-05
  -9.5901918e-05
  -9.5596792e-05
  -9.4874801e-05
  -9.3744656e-05
  -9.2221188e-05
  -9.0325075e-05
  -8.8082475e-05
  -8.5524578e-05
  -8.2687089e-05
  -7.9609641e-05
  -7.6335149e-05
  -7.2909128e-05
  -6.9378970e-05
  -6.5793198e-05
  -6.2200715e-05
  -5.8650045e-05
  -5.5188596e-05
  -5.1861940e-05
  -4.8713131e-05
  -4.5782070e-05
  -4.3104918e-05
  -4.0713586e-05
  -3.8635277e-05
  -3.6892125e-05
  -3.5500901e-05
  -3.4472816e-05
  -3.3813407e-05
  -3.3522513e-05
  -3.3594342e-05
  -3.4017626e-05
  -3.4775858e-05
  -3.5847613e-05
  -3.7206932e-05
  -3.8823794e-05
  -4.0664623e-05
  -4.2692866e-05
  -4.4869603e-05
  -4.7154187e-05
  -4.9504911e-05
  -5.1879681e-05
  -5.4236695e-05
  -5.6535097e-05
  -5.8735631e-05
  -6.0801240e-05
  -6.2697646e-05
  -6.4393864e-05
  -6.5862668e-05
  -6.7080990e-05
  -6.8030249e-05
  -6.8696603e-05
  -6.9071132e-05
  -6.9149922e-05
  -6.8934092e-05
  -6.8429718e-05
  -6.7647692e-05
  -6.6603497e-05
  -6.5316913e-05
  -6.3811658e-05
  -6.2114958e-05
  -6.0257078e-05
  -5.8270797e-05
  -5.6190845e-05
  -5.4053322e-05
  -5.1895090e-05
  -4.9753155e-05
  -4.7664060e-05
  -4.5663281e-05
  -4.3784646e-05
  -4.2059786e-05
  -4.0517619e-05
  -3.9183890e-05
  -3.8080757e-05
  -3.7226436e-05
  -3.6634922e-05
  -3.6315769e-05
  -3.6273946e-05
  -3.6509773e-05
  -3.7018922e-05
  -3.7792506e-05
  -3.8817231e-05
  -4.0075624e-05
  -4.1546326e-05
  -4.3204447e-05
  -4.5021979e-05
  -4.6968252e-05
  -4.9010439e-05
  -5.1114089e-05
  -5.3243685e-05
  -5.5363222e-05
  -5.7436786e-05
  -5.9429130e-05
  -6.1306244e-05
  -6.3035895e-05
  -6.4588143e-05
  -6.5935820e-05
  -6.7054955e-05
  -6.7925159e-05
  -6.8529938e-05
  -6.8856959e-05
  -6.8898232e-05
  -6.8650234e-05
  -6.8113960e-05
  -6.7294894e-05
  -6.6202920e-05
  -6.4852152e-05
  -6.3260705e-05
  -6.1450402e-05
  -5.9446414e-05
  -5.7276863e-05
  -5.4972361e-05
  -5.2565527e-05
  -5.0090464e-05
  -4.7582212e-05
  -4.5076196e-05
  -4.2607660e-05
  -4.0211114e-05
  -3.7919783e-05
  -3.5765091e-05
  -3.3776162e-05
  -3.1979367e-05
  -3.0397915e-05
  -2.9051491e-05
  -2.7955954e-05
  -2.7123097e-05
  -2.6560468e-05
  -2.6271264e-05
  -2.6254294e-05
  -2.6504005e-05
  -2.7010584e-05
  -2.7760129e-05
  -2.8734873e-05
  -2.9913485e-05
  -3.1271415e-05
  -3.2781293e-05
  -3.4413370e-05
  -3.6136004e-05
  -3.7916162e-05
  -3.9719957e-05
  -4.1513182e-05
  -4.3261866e-05
  -4.4932808e-05
  -4.6494110e-05
  -4.7915682e-05
  -4.9169720e-05
  -5.0231148e-05
  -5.1078012e-05
  -5.1691826e-05
  -5.2057865e-05
  -5.2165396e-05
  -5.2007840e-05
  -5.1582883e-05
  -5.0892501e-05
  -4.9942929e-05
  -4.8744563e-05
  -4.7311789e-05
  -4.5662755e-05
  -4.3819084e-05
  -4.1805530e-05
  -3.9649591e-05
  -3.7381067e-05
  -3.5031600e-05
  -3.2634171e-05
  -3.0222585e-05
  -2.7830939e-05
  -2.5493095e-05
  -2.3242146e-05
  -2.1109901e-05
  -1.9126398e-05
  -1.7319430e-05
  -1.5714125e-05
  -1.4332552e-05
  -1.3193391e-05
  -1.2311646e-05
  -1.1698421e-05
  -1.1360757e-05
  -1.1301534e-05
  -1.1519436e-05
  -1.2008983e-05
  -1.2760631e-05
  -1.3760929e-05
  -1.4992742e-05
  -1.6435531e-05
  -1.8065678e-05
  -1.9856872e-05
  -2.1780519e-05
  -2.3806200e-05
  -2.5902149e-05
  -2.8035750e-05
  -3.0174050e-05
  -3.2284268e-05
  -3.4334305e-05
  -3.6293241e-05
  -3.8131803e-05
  -3.9822817e-05
  -4.1341615e-05
  -4.2666402e-05
  -4.3778582e-05
  -4.4663022e-05
  -4.5308266e-05
  -4.5706690e-05
  -4.5854589e-05
  -4.5752207e-05
  -4.5403702e-05
  -4.4817044e-05
  -4.4003863e-05
  -4.2979226e-05
  -4.1761369e-05
  -4.0371374e-05
  -3.8832809e-05
  -3.7171316e-05
  -3.5414185e-05
  -3.3589887e-05
  -3.1727600e-05
  -2.9856722e-05
  -2.8006385e-05
  -2.6204968e-05
  -2.4479638e-05
  -2.2855895e-05
  -2.1357164e-05
  -2.0004409e-05
  -1.8815795e-05
  -1.7806395e-05
  -1.6987951e-05
  -1.6368688e-05
  -1.5953190e-05
  -1.5742331e-05
  -1.5733271e-05
  -1.5919516e-05
  -1.6291033e-05
  -1.6834426e-05
  -1.7533168e-05
  -1.8367885e-05
  -1.9316684e-05
  -2.0355524e-05
  -2.1458628e-05
  -2.2598914e-05
  -2.3748454e-05
  -2.4878949e-05
  -2.5962203e-05
  -2.6970604e-05
  -2.7877589e-05
  -2.8658099e-05
  -2.9289003e-05
  -2.9749500e-05
  -3.0021468e-05
  -3.0089790e-05
  -2.9942615e-05
  -2.9571573e-05
  -2.8971929e-05
  -2.8142689e-05
